369	2.09055836143	1.70048560102
370	2.37603940461	1.69192542165
371	2.29805668435	3.20602958974
372	1.8574417044	1.83401610751
373	1.87211941984	3.04213158987
374	3.09386316544	4.09110324383
375	3.00479969091	2.77686007428
376	3.08248217269	1.6758519177
377	3.3089809199	1.88343400911
378	2.86232866325	4.3417768656
379	1.33701115609	3.15290484038
380	2.19868393237	2.97975257127
381	3.22155697032	2.96688094841
382	3.03952852779	3.51700524416
413	3.10748504061	1.81869266642
414	2.75268877769	1.67668936502
415	1.44757133836	4.40767663641
416	1.75655656416	4.49866761373
417	3.42924413738	2.68215323572
418	3.08644299714	1.46416524694
419	1.5367927162	3.78736025969
420	2.9961228778	1.87383696324
421	1.65141751739	4.22915325684
422	1.67363505373	3.32138743072
423	1.4108295086	3.91276960652
424	1.81427195309	3.3635540286
425	1.26801674847	2.14378837205
426	2.18576079541	4.47288610026
427	2.83638562756	1.75030558556
443	3.22097498573	1.32382318092
444	3.08894895751	1.51208588706
445	3.4081570802	1.36560855039
446	3.22663994395	2.02181491751
447	2.95495741706	3.13010394353
448	1.60813786839	2.86226684177
449	1.60420335484	4.11995053249
450	1.56132457706	2.14095925477
451	1.59168444811	3.35665985571
452	1.46051554862	4.28364071212
453	3.04529842039	2.4842898513
454	2.39062133405	4.02361055504
455	1.60348798874	2.54029490139
456	2.21659661728	2.48690951752
457	3.22067508995	1.4354782107
458	3.59577219533	1.49281488552
459	3.40748299841	2.44610285336
460	3.41599889495	2.17266330722
461	3.4277099278	4.10089471292
462	3.21965097081	1.46472243046
463	3.2195940753	2.54796262809
464	3.52383699431	1.52311978792
465	3.54731477736	1.87409527704
466	3.37885464537	2.83154771201
467	3.34238401237	1.64493121348
468	3.38260490378	2.52465010666
469	3.62144889709	2.69063238517
470	3.21919580674	1.37820184156
471	3.56401477939	2.45715490684
472	3.42884637934	3.58152564556
473	3.6399238666	2.15578641049
589	3.00555364763	2.89849444756
590	1.46770677653	3.31018453997
591	2.31554287675	2.53494158523
592	3.35251481168	3.30046835713
593	2.36976160218	1.56919414362
594	2.97414646657	2.68054112025
595	3.03439973437	1.34989418724
596	2.85895507969	2.07179008692
597	3.13246405316	3.09180638125
598	2.37596404669	3.79878242262
599	3.19990161052	2.13813493369
600	2.90011279912	1.69662314379
601	3.00995666474	2.32700382226
602	2.38315528706	1.53741441784
603	3.5834997693	2.32561311237
604	3.29503506566	1.3620812211
605	2.30104213183	2.5422096126
606	2.99437717548	2.42306700352
607	2.98398185461	3.28303891403
608	3.33603869182	1.7708307189
609	3.37894703105	3.74673079932
610	3.38037220764	1.42420691398
611	3.42689922363	2.64372394602
612	2.97735170395	1.78849133529
613	3.40742424108	1.54075884215
614	2.55011675251	2.06938592461
659	3.53719356402	3.16038082159
813	3.23535075745	1.32538235501
814	2.38035448818	3.76241087194
815	3.50916398706	2.28433235516
816	3.23106844332	2.39882642966
817	2.69604503751	1.32146357006
818	3.4304374115	2.02676521572
819	3.41914966709	1.8640649153
820	2.36797509646	1.54497267947
821	3.45808399572	1.94000449006
822	3.29798217695	1.32894542917
823	3.36213398118	2.54527622958
824	3.11165218527	1.32097482578
825	2.1759740003	2.08386774232
826	2.58964916417	3.10744521543
843	2.9756859588	1.66670252539
844	3.40277603473	1.50473145431
845	3.10684394144	1.70479972085
846	3.00553640146	2.30417825741
847	3.41307251779	4.40101128854
848	3.325679881	1.54243993615
849	3.31963724136	1.34345054173
850	2.92977178957	1.53525324308
851	3.00283512945	2.32735164777
852	3.24580371103	2.34131322203
853	2.81751462548	1.40435286476
854	1.5870129533	1.40446153156
868	1.60992628364	2.25158692306
869	1.50686960776	3.21978750212
870	3.33605241563	3.54785957282
871	3.3431345841	3.11760093587
872	1.6471253208	4.46125734817
873	1.54292568142	4.15825561825
874	1.48535519827	2.06309302868
875	2.30829250429	4.20503224632
876	2.85490677942	3.90720465515
877	2.80762857349	4.53011415923
878	3.22084577647	1.75418987871
879	2.99575921236	3.31699996049
880	3.41424925872	4.12515876532
911	1.6449792225	3.95413562183
912	3.18717627573	1.75373201486
913	2.99874229308	2.62116475054
914	3.22952326621	1.79373913866
915	2.17108060274	3.17115410131
916	1.68641539358	3.21646206737
917	1.52683142599	4.47104856041
918	3.18672179948	4.06125909468
919	1.57052402488	3.07715000669
920	3.00044612004	3.13428120514
921	3.07446843297	1.59411482478
922	3.21994504108	1.53874934538
923	1.32143881371	3.90220126157
924	2.406017658	3.81186829776
1108	3.19308446688	1.80941338334
1109	2.83605498075	1.59006640766
1110	2.99157538711	2.91240535243
1111	3.22297935802	1.61097496125
1112	3.22317849229	2.98019730852
1113	2.74057680452	1.33427065551
1114	1.74654635567	1.99218786635
1115	2.53680861616	2.70360320589
1116	3.40746027657	2.68739915396
1117	2.40720485874	3.72303543928
1118	3.00340812654	4.21855128796
1119	2.98951000213	2.36031162814
1120	1.63067190052	2.8829171194
1121	2.4002021419	2.10185521359
1122	2.91498023056	1.96681441067
1123	1.56209119771	2.37805669692
1124	1.72804146293	4.23564168219
1125	1.55340283032	3.47213781937
1126	2.9917933674	4.22208314594
1301	3.33517545759	1.92236360027
1302	3.38502124364	2.85413059135
1303	2.61649215974	1.90128321109
1304	2.39334817936	1.51589179097
1305	3.10793308878	2.38483863672
1306	2.87582299749	1.58878428498
1307	3.47099329249	1.54921979107
1308	2.88257016461	2.32596070103
1309	2.30317459432	2.03202535982
1310	3.1420713642	2.93996869329
1311	2.99533859244	1.62675398415
1312	3.42759628264	1.32783323771
1313	3.38181577133	4.0974369463
1314	2.68481978482	3.64749853446
1315	2.99726142636	3.78953389655
1316	2.36886335908	2.75982000344
1317	3.19262999064	3.08172361038
1318	2.99642018652	3.14125396605
1319	3.32211857555	1.38478057976
1320	3.38310393049	2.73136752179
1321	2.44212343719	1.73270291624
1322	3.2181716876	1.7896809918
1323	3.4281880163	2.18261179408
1324	2.51425031857	2.96909664099
1325	3.24307488084	3.08905369246
1326	3.39911873099	1.56848862133
1327	3.41360502811	1.41881438549
1328	3.57245458587	1.41763232922
1329	3.38195110956	3.72679748766
1330	3.38284128485	1.99846321619
1331	3.56199053672	1.49735554834
1332	3.3824955585	1.32479055925
1333	3.34388515584	2.1868006749
1334	3.61035724944	1.83302062978
1335	3.47816512403	2.52693337152
1336	2.98199893213	1.55264213474
1337	3.40595856282	2.28229069955
1338	2.55597340609	1.83451420165
1383	3.22482846202	3.8496801715
1384	2.36914281249	3.80968495008
1385	3.02862984177	3.22835194282
1386	1.88679713528	3.52726633546
1387	2.10523607687	1.4724719593
1388	3.42964189542	2.86913502849
1389	1.54829202598	4.22502798927
1390	2.03271089468	1.39543624133
1391	3.0594026023	4.30573918795
1392	2.36789525263	1.91645598602
1393	1.92478651643	4.11705914224
1394	1.47809059247	1.8380074924
1395	2.37559265092	2.12750856047
1396	1.58438601707	4.4082829324
1397	1.50156085737	4.41313543195
1398	2.98243748307	3.33996518165
1399	1.87557299994	3.71820278323
1400	1.66751325463	3.92559166724
1401	1.59132676506	4.27888277719
1402	1.87125602481	2.37200676448
1403	2.10437268184	2.97486436955
1404	2.41268424679	1.50566303495
1405	2.21147870731	3.95245230239
1565	3.41328695408	2.29491486739
1566	3.09245910603	1.83128082342
1567	3.1336205599	2.31037783174
1568	3.41581475135	1.80747074513
1569	3.21785876231	2.39954618008
1570	3.41701168477	3.71873950816
1571	3.2163794791	2.61526009481
1572	1.9239231214	4.14197347485
1573	3.38589836437	1.53591715411
1574	3.28337274826	1.4046790428
1575	3.35157690805	2.67329832467
1576	3.43180115336	2.20074372618
1577	2.97831608272	1.61689339428
1578	3.3010777053	3.66863889358
1579	2.16564349434	4.28423572044
1580	3.35675631346	2.51213025303
1581	3.42014212602	2.94964935043
1582	3.00250770254	1.70156191052
1583	2.97647499598	1.49296538236
1584	2.98836831949	1.75694203564
1585	3.52555416866	2.54565982316
1586	2.98068319424	2.63539028122
1587	3.41542599964	2.46344085552
1588	3.4024818495	3.6086386276
1589	1.95327855229	1.90022567885
1590	3.21888288145	1.34283990365
1591	3.22944256629	2.66607471389
1592	2.33466877874	4.32673526119
1593	1.6944920936	4.18042706509
1594	2.56768671325	4.02417906306
1595	2.34653078921	2.1356284525
1596	1.47892881622	3.65119125828
1597	3.38167888509	1.61708525887
1598	2.65016791781	1.61919967739
1599	3.52934962367	2.64889596729
1600	3.56376174906	1.5344244028
1601	3.33537867619	1.88630281696
1602	2.78836999594	3.99186860884
1603	1.64390617335	1.38055287558
1604	3.32580914697	3.20508260378
1605	1.83240324864	4.05839790271
1606	2.98231293447	4.47349873196
1607	2.37831066197	4.31113125037
1608	1.95586873736	1.72403587341
1609	3.13840959209	1.32825385066
1610	3.60423438177	1.41893291679
1611	2.9789297783	4.30214714422
1612	3.40855314572	2.20204656501
1613	3.23898656739	3.82225213715
1614	2.22683243722	2.60976110288
1615	3.39835303367	1.68215586539
1828	3.25835648883	1.40830217339
1829	3.11829684565	1.58787025944
1830	3.41353123379	1.57149363401
1831	2.77625802277	1.32598267735
1832	3.6197693544	2.68820710649
1833	3.55262841437	1.79254378968
1834	2.98440247453	2.17971766168
1835	2.7202810657	1.32159810741
1836	2.38762142581	3.13474564138
1837	3.00422669382	2.78270143179
1838	2.99648027508	1.32720890174
1839	2.99461752972	1.34257004846
1840	3.38606169905	2.79735560013
1841	2.97673800837	3.89498260488
1842	3.55642386938	1.68342304986
1843	3.38227777893	2.02501609764
1844	3.38383933828	2.82815342331
1845	3.40919065272	1.88944059682
1846	3.38578947458	1.4127323527
1847	3.15697722077	1.37773607567
1848	3.38146110552	1.63518748291
1849	3.41042485072	4.21913978292
1850	3.38659584705	1.9177961091
1851	3.39999233739	2.63261819576
1852	3.41949762341	3.54424891726
1853	3.39213716741	3.87117680126
1854	3.4410201147	3.55767454907
1855	3.58268160756	2.84558921003
1856	3.23764387033	1.43371224961
1857	3.62547979953	1.94988954857
1858	3.2508029497	1.36967964239
1859	3.25201317985	1.43258311739
1860	2.73632124638	1.3675844443
1861	3.51655684597	3.63328234958
1862	3.08777890801	1.92559801462
1863	3.40791280049	3.52778001175
2971	3.13474781998	1.70631525835
2972	1.41878359511	3.77216837762
2973	1.63854092761	4.45697845941
2974	3.10788828502	3.00654161201
2975	1.86003188947	1.95403097166
2976	2.99413682124	4.43989191839
2977	2.36313760386	3.69040608374
2978	2.72879218198	1.85032540424
2979	3.34726073688	1.42786854682
2980	3.38023609541	1.9970344838
2981	3.21535380277	2.85498603215
2982	2.70336585448	4.1530170095
2983	2.98716654829	3.11205789926
2984	2.99485788396	3.28690549183
2985	1.97313663789	2.40711785926
2986	3.0706218379	4.46859933626
2987	1.54701432489	1.38962362011
2988	2.98410203173	4.33575578292
2989	3.22923493399	1.57167093238
2990	2.39047393701	3.61491820714
2991	3.20490084919	4.2279743129
2992	2.36888332004	3.23645819693
2993	1.47753177664	4.39495809868
2994	3.02830929218	4.35383679467
2995	3.11123334314	2.8872364574
2996	3.12436850601	4.04012132778
2997	2.39504324537	2.57033297376
2998	2.3985070759	2.66807934804
2999	3.32873579516	3.44029846544
3000	3.00111613818	1.66505131568
3001	1.65427898179	3.85243111663
3002	2.38421504879	3.3355574608
3003	2.98253466105	4.37984584525
3004	2.65260819014	1.91244449863
3005	2.22981788471	3.91109949938
3006	1.5574914738	2.61880128952
3007	1.45548168907	2.61172369629
3008	2.52947312922	2.95229450348
3009	2.2494365396	2.83707151363
3010	2.28483541692	2.85712567038
3011	2.40116022269	4.46921155348
3012	2.26692273201	2.13218822855
3013	2.36873361285	4.15942040486
3348	2.37089534304	3.19468233707
3349	2.36818468651	1.40154831142
3350	2.75498023207	1.38733265179
3351	3.13304230653	1.42119626174
3352	2.99906971999	2.54949901562
3353	2.36791521358	1.54412695139
3354	3.22374744737	1.32287948751
3355	3.37971886892	1.33834271015
3356	2.65212013567	1.64713812163
3357	2.98920955933	1.37154091853
3358	2.81822077205	1.36637799589
3359	2.99997014399	2.80702497679
3360	3.15159197167	2.76521217609
3361	3.25216637843	2.78813594124
3362	3.00254921964	1.5360832799
3363	2.33217608416	2.05504100847
3364	2.59257749096	2.49403466559
3365	3.03568193272	4.12689590875
3366	3.38169738153	3.08035090755
3367	2.54414410309	1.3458006809
3368	3.22200493038	1.39022641549
3369	2.91977749294	1.34243547615
3370	3.63757250684	3.67871375267
3371	3.38442835223	1.77293240681
3372	2.98169019147	2.83749683593
3373	3.34849067043	2.77394374762
3374	2.41784996749	2.13656793885
3375	2.40994455276	1.87280430018
3376	2.98163840077	3.49757442267
3377	2.43726874325	4.45453468279
3378	2.6252771401	3.84143621796
3379	2.37634253303	3.02632238631
3380	1.60134189045	4.09570886235
3381	3.23080599502	4.43684563537
3382	2.65602457139	1.47389728723
3383	3.26434953504	2.04851294047
3384	2.98042018185	1.32001883129
3385	2.49691212593	1.38429438563
3386	2.99898786326	2.07932751924
3387	3.09145756117	1.54126254862
3388	1.5149724373	3.66175788511
3389	1.62137214123	3.22264018405
3390	2.74941527142	2.35008731595
3391	3.04754226751	2.40314848491
3392	3.38026331785	1.42336020098
3393	3.08440547022	2.72153708737
3394	3.29764015817	1.77176421029
3395	2.12768434755	2.93250781437
3396	2.87919658105	1.37479022772
3397	3.08632876775	3.05891480422
3398	2.81280698168	1.43009110624
3399	1.32533189931	4.47717576566
3400	1.42408631946	3.88445026101
3401	3.35763644601	2.53188775811
3402	3.10551290224	1.33040960845
3403	3.44984567161	3.3072671982
3404	2.81374851044	3.57736862851
3405	2.99335566996	3.01057835354
3406	3.21217246907	2.73999712972
3407	2.29336526687	1.66196551159
3408	2.96894943233	2.52845673234
3409	2.34148943476	2.75733468348
3410	2.9850722196	1.76664173167
3411	1.5021196732	3.76891374408
3412	1.66107495973	4.43380083266
3413	1.40420110317	4.07903152537
3414	2.98310765814	2.67128984172
3415	3.26398276074	3.51188358036
3416	1.96795626773	2.78562646265
3417	2.99017097629	1.49462475572
3418	3.16852504612	1.80771336766
3419	3.42941460511	3.00027176947
3420	3.22080751768	2.55103635054
3421	2.9601544513	2.17170357025
3422	3.10759915834	4.32012867929
3423	2.4317205216	2.62471393892
3424	3.24715547694	1.73695755745
3425	3.27777193073	1.55109914908
3426	3.00447205356	1.50675257319
3427	1.61278774803	3.72142402102
3428	3.20171951549	2.11231448966
3429	1.54113689989	3.81569143588
3430	1.52434232145	4.19506017298
3431	1.48116407954	4.34418695662
3432	3.33678407768	4.01622533912
3433	1.56899078358	2.83027440966
3434	2.35602039758	1.68131226
3435	2.62918157582	3.40171537677
3436	2.7490879208	1.71940433612
3437	3.36239925861	2.70766902195
3438	1.37503611927	4.35444041285
3439	1.76990350881	2.83197226456
3440	2.99365611276	2.38698474285
3441	2.98662749742	1.49583607284
3442	2.66676176962	1.33728433703
3443	3.22721660841	1.87642276576
3444	2.17869255449	1.46738199005
3445	3.02959149054	2.13876214611
3446	2.86840111366	2.28910450796
3447	2.98464282877	1.5704310873
3448	2.79458965783	1.3327048187
3449	1.6907643859	2.59996787786
3450	3.21644322926	3.42672669829
3451	2.99395655556	2.02559890015
3452	3.35805116481	1.47647779901
3453	3.2917868618	2.93689449424
3454	2.84748489558	2.76895108071
3455	3.2603469508	2.11787946482
3456	3.38334031157	1.33179728443
3457	1.6982198013	1.47951264352
3458	2.25668691207	1.81722183208
3459	1.63174494966	2.65847060452
3460	1.46842589932	3.3048377084
3461	3.38451001957	1.43611172367
3462	3.52530113833	2.27414539356
3463	2.77102041275	3.16834066068
3464	1.4750171054	1.32568145036
3465	3.09017536282	3.60288983671
3466	3.42989797426	3.77596420938
3467	2.97134806352	1.45456789528
3468	3.36965478537	1.82904819282
3469	3.28922440359	2.16404485932
3470	1.87902658005	1.71633115161
3471	3.38088943413	2.07962978629
3472	3.22315004454	1.98877702756
3473	3.10221264788	1.71655027991
3474	2.30232160932	1.7990162602
3475	2.72289987071	1.3248395499
3476	3.43111928243	3.8053210969
3477	3.41056665866	3.88500406199
3478	3.38510891341	3.27049870803
3479	2.9892469127	4.16291618579
3480	1.51825784367	2.59839883275
3481	3.37592799718	1.4396867524
3482	3.00815581673	2.51629637288
3483	3.43202844367	4.46370373014
3484	2.98878893941	3.40720516646
3485	3.16811262379	2.50797129787
3486	1.89629448057	1.57594385678
3487	2.80409784064	2.69508426577
3488	1.44685221557	3.75699832518
3489	3.3844696878	1.60436124966
3490	3.08600821816	4.17516820574
3491	3.3948330335	1.57255831237
3492	3.53542235168	1.32036314976
3493	3.04722171792	2.56143814166
3494	3.40278292661	1.89258690325
3495	3.09713930406	1.6781571775
3496	3.38626813216	2.60819209398
3497	2.61063550616	1.74213651213
3498	2.99383088944	2.62195304459
3499	1.67832612064	3.08767814743
3500	3.04946556504	1.76200980209
3501	2.41368880126	2.91153417454
3502	1.72617760908	1.81257825292
3503	1.75188513353	1.70371897043
3504	3.05331216011	1.62772899837
3505	2.39946515668	3.98001325217
3506	3.38350278904	1.44947940805
3507	3.23353285248	2.55411386259
3508	2.18739192793	3.50472319871
3509	3.42986918573	4.33635762473
3510	2.98169848933	2.52998104056
3511	2.80574551597	1.8505782705
3512	3.41415745892	2.24423763294
3513	2.98359879851	1.75947233652
3514	3.38410198391	1.99560723171
3515	2.98001600965	3.33066561836
3516	1.74587900844	1.38683876006
3517	2.01803317924	2.06159856893
3518	2.37568200166	3.26184047503
3519	2.97374669471	1.98424250607
3520	2.39452735572	1.72758116065
3521	2.98007609821	2.42161234433
3522	3.36089811514	2.1707443662
3523	2.94896083908	1.80965647957
3524	2.55890173288	1.33872033926
3525	1.51286720455	1.72028452048
3534	2.93177064889	1.33157276936
3535	1.58584542608	2.06968623766
3536	3.23444180496	1.56112697516
3537	2.35957900072	2.51515944783
3538	2.98752792142	2.90500764966
3539	3.21853513647	1.52053609619
3540	1.61779531073	1.9651399001
3541	2.77593067214	4.23092211685
3542	2.58428056506	1.61939225253
3543	3.38380223595	1.41516928464
3544	3.21936649327	1.34297518651
3545	3.08609665091	1.93891088721
3546	3.51644128806	1.52931159576
3547	3.42810768584	1.35182529074
3548	3.56679811306	2.35748615439
3549	1.96277589757	2.76064891713
3550	3.2255067422	2.43108456379
3551	2.90898365259	2.63340992412
3552	2.77560332152	2.12657422559
3553	3.47625263562	2.79232314254
3554	3.37800385476	3.88666582019
3555	2.58184029273	2.86312453264
3556	3.31143651612	1.78659166731
3557	2.73763064888	1.72359364959
3558	3.00182815692	1.56866491308
3559	3.22514138731	2.27821378327
3560	3.16646293445	1.32926799436
3561	2.37078571921	1.59912250565
3562	3.41756411558	2.74947856651
3563	3.40017448225	2.1046171841
3564	3.10485285137	1.99019717417
3986	3.23500157851	1.55298567178
3987	2.3780078729	1.32508539131
3988	3.32397999186	2.22400995177
3989	3.38278875573	1.34735783398
3990	2.83440174669	1.41622167771
3991	3.38433836499	1.38265239829
3992	2.85423206271	3.5908927896
3993	3.08491907373	1.32209597038
3994	3.4250219315	1.78516940324
3995	3.28467625484	1.3511523021
3996	3.35690478397	1.88865535249
3997	3.42557436231	1.32573150683
3998	3.42097077223	1.49750782156
3999	3.37982958674	2.24457106985
4000	3.38998136778	1.74621145645
4001	3.51297455075	2.33397158269
4002	3.42013296333	3.57165891775
4003	3.41189577687	1.79182729085
4004	2.59989830793	2.87644921472
4005	2.96335262622	1.43270833968
4006	3.12899453296	1.32695062574
4007	2.99350346253	1.33941819564
4008	2.28952683439	1.52947563684
4009	3.46190897254	2.54259273248
4010	2.99726887199	3.18996484745
4011	3.3502820567	3.98791392188
4012	2.32194026422	3.7139111154
4013	3.02927094095	2.20530780692
4014	2.91018296818	3.81405259284
4015	3.39698694724	1.4710525526
4016	3.53390416968	1.46444372028
4017	3.59331771012	1.56532549507
4018	3.43197162109	1.46319245546
4019	3.41670687	1.50194950225
4020	3.37968475503	2.0018982136
4021	1.427609409	1.664021234
4022	2.98073707237	2.75443783768
4023	3.36190165076	1.91378018079
4024	3.00098691708	2.17650758419
4025	3.54807386837	1.57291367886
4026	3.22408882042	1.71370623058
4027	3.36214906803	1.83177761489
4028	2.6433351553	3.02361825779
4029	2.39143201779	1.34263742344
4030	3.21762618398	2.04732909806
4031	3.25410626638	1.46070431442
4032	3.41572018487	1.81184701022
4033	3.22612470899	1.3329915318
4034	2.99948470308	1.4513441662
4035	3.50427490843	1.37433541612
4036	2.99804257764	1.37279627631
4037	1.7512177863	2.23260464476
4038	2.98692619405	1.47332644551
4039	3.09863623113	3.58516614412
4040	1.44900958395	3.26376286886
4041	2.52049206792	1.91672389221
4042	1.51395709556	1.75258839145
4043	1.51432039256	4.14952726823
4044	2.36947216829	1.48418738054
4045	3.16233871111	1.97775068815
4046	3.32587143422	1.96402474397
4047	3.15986417711	2.66687638991
4048	3.51088954422	1.55834078298
4049	3.38489113383	1.84528051355
4383	1.48786986951	1.39225112863
4384	3.5506041717	1.77480460028
4385	2.3711145907	2.09207371725
4386	3.23800970135	3.47112343428
4387	3.37713273646	3.23693556831
4388	3.38365399474	1.34707258359
4389	3.29632991701	1.38575740894
4390	3.61429337866	2.69873204264
4391	3.39069996766	1.77644587821
4392	3.38335980951	2.03143995196
4393	3.2224957462	3.14870626233
4394	3.42548229051	1.44617834877
4395	3.60642112022	3.03851344498
4396	3.39480120894	1.34461705514
4397	3.4371957067	4.21560970131
4398	3.27532446574	3.15757555227
4399	3.08825206529	2.79819517203
4400	3.406913842	1.47119422682
4401	2.10350928682	1.82929602604
4402	2.39113722371	2.3124486198
4403	3.55035114137	1.8038385126
4404	3.4019048584	3.98565540343
4405	3.38298556255	1.64653552704
4406	2.73141098699	1.37091759175
4407	3.40660044272	2.21447078525
4408	3.2434971667	1.94906286268
4409	3.38315645962	1.9520966496
4410	2.59794609007	1.86176300629
4411	2.23365631719	1.82041133398
4412	3.42403526126	1.34601133241
4413	3.37665965923	2.11108043385
4414	2.99515832676	3.6222551599
4415	2.61990854099	2.76230745505
4416	3.36495306648	1.97129019354
4417	2.69848530984	3.17396967357
4418	2.39327448084	2.41037085828
4419	2.51702442939	1.36697976939
4420	2.16346865098	1.37216714672
4421	3.20853665913	1.38585541752
4422	2.18684821709	4.46737507945
4423	3.33312696098	3.51546812329
4424	2.96175353876	2.9673239685
4425	2.36978156314	2.31694264
4426	2.25540743457	1.60024118564
4427	2.80386245845	2.2256596687
4428	3.36264944919	1.4016554387
4429	3.41811654639	2.77186243353
4430	2.79360760595	1.61650984274
4431	3.42631085317	1.43827674048
4432	3.35414296954	2.92681398278
4433	2.52118559562	3.83924008042
4434	2.38504771873	4.24509218165
4435	2.08278780619	3.97663080361
4436	3.22312159679	3.61544189031
4437	3.52909659334	1.48521806174
4438	3.21837082188	4.03556165802
4439	2.29763019185	4.25870383135
4440	2.74319560953	2.85584170981
4441	2.39939145816	1.41078442442
4442	3.10139459843	1.35250307559
4443	2.37100496687	2.72972674756
4444	3.59536311446	2.46974768147
4445	2.3924637971	3.66916861642
4446	2.99286806503	1.78682891857
4447	3.04690116833	3.15150478146
4448	3.00103428145	2.30796460649
4449	2.97875443671	1.35063218237
4450	3.43066470181	1.33587965811
4451	1.59848042605	2.73711769234
4452	3.31402621883	1.50349266268
4453	3.1536778421	3.14917253416
4454	2.78444178842	2.08114200974
4455	3.62648752513	2.33048474186
4456	3.25989247455	1.35906035075
4457	2.99666054076	2.22598978972
4458	3.30067687644	1.88708646255
4459	3.24943952097	2.96599508586
4460	3.06869854037	1.3394819924
4461	3.01193506426	1.34116885199
4462	3.08796692055	1.89864115687
4463	3.00423169932	3.46858850776
4464	3.00136170836	3.49400438675
4465	2.62869352136	2.58587685449
4466	3.55237538404	1.34406597601
4467	3.40454595884	1.42444936489
4468	3.42663029883	1.7615479118
4469	3.04401622203	1.43320982095
4470	2.98548406861	1.38872342387
4471	3.25172484763	1.64173395512
4472	3.10812613979	3.57632996637
4473	2.58379251059	3.71069485144
4474	2.99595916435	2.19327078838
4475	2.99374903271	2.1206691467
4476	3.10588229267	2.43729958016
4477	2.98524371437	2.78353685883
4478	3.55364053571	1.79949741962
4479	2.34801354051	1.32040645603
4480	2.36952207068	1.86201853711
4481	3.49872437444	1.80408024695
4482	3.38069887701	3.49859496584
4483	3.48199010085	1.59930880428
4484	3.08985481323	1.66278709001
4485	1.68393025511	1.44395476726
4486	1.59633432775	2.16118163575
4487	2.36971169978	1.87901448951
4488	3.53289204834	2.9989297417
4489	3.43248302428	1.89153718704
4490	3.10177261397	3.53240576295
4491	3.18131013848	2.59055938158
4492	3.38630670107	2.01196565817
4493	3.38434668489	1.35011496405
4494	3.08824692781	1.57380313129
4495	3.43271031459	2.90805170333
4496	2.98703678106	3.84803031497
4497	3.38407571935	2.31279395839
4498	3.37974609136	1.90154774218
5493	3.33215413776	1.53409282712
5494	2.29507123686	1.63736247562
5495	3.0002057658	1.39306764567
5496	3.00483258492	2.86355346689
5497	1.49150217241	1.59024980489
5498	3.42427954096	1.40133423449
5499	2.3848963242	2.11633171399
5500	2.4809609887	3.24075667106
5501	3.51771242507	2.16245358744
5502	3.05395325929	1.88187222465
5503	1.99299472348	1.79206606458
5504	2.00162867374	2.23592095413
5505	2.98891948579	1.3544109765
5506	2.36916277344	1.3645900838
5507	2.99092904816	1.51748765036
5508	2.15640041006	2.7301368523
5509	1.80391121278	2.19359504738
5510	1.63317568186	4.42649934579
5511	2.6072191249	3.06346472299
5512	3.37958630742	1.47518514502
5513	3.22255264171	3.92782484282
5514	1.26953100578	4.17283247443
5515	2.1492692232	2.54335914988
5516	3.30203013045	1.87306237712
5517	3.19490237185	3.5159804377
5518	2.41359747813	2.31452153951
5519	3.25762009334	2.43437273493
5520	2.99800558253	1.436492542
5521	3.35214144491	2.26940971554
5672	3.2497162941	3.56751090097
5673	3.00807396001	1.48536553876
5674	2.35750314889	3.50114735999
5675	2.10178249677	1.90525739472
5676	2.11559681718	1.72226839922
5677	3.33166244335	2.77227857792
5678	2.36906296866	2.13500242432
5679	3.00758281964	2.338513328
5680	1.98436077322	1.64774124913
5681	2.40101282565	1.77668058333
5682	3.00597426755	2.19846603792
5683	2.97612431279	1.34531123316
5684	2.38921106841	1.57737574409
5685	3.22095956749	1.49613949424
5686	2.26521676202	3.09134745175
5687	2.04738861013	2.58860677404
5688	2.57842391148	3.51239548029
5689	2.05515916536	1.39073037332
5690	3.35364258838	2.15927548459
5691	2.81916230081	1.51066746612
5692	3.19444789561	1.52021420055
5693	2.98860867373	3.48738201765
5694	2.94656220789	4.0916787389
5695	3.41157699612	2.74329146804
5696	2.3686637495	2.05861409034
5697	1.93860083684	2.56568828378
5698	2.34979284208	1.94823670971
5699	2.92457475532	2.67892995218
5700	3.2459582031	1.34379185754
5701	3.34938934856	1.4442154769
5702	2.54640117599	1.43776578524
5703	3.30349345455	3.93844536471
5704	3.32311933786	3.66493249172
5705	2.98449922251	3.01372135729
5706	1.95500534234	2.8699946328
5707	3.31100489901	2.00706669704
5708	2.33911703266	1.46333124804
5709	2.82457609118	2.47495758541
5710	1.57180172597	4.11128080266
5711	3.18944865694	1.84603573724
5712	2.3907687311	1.58969979083
5713	2.40336928711	1.68681262981
5714	3.10507286833	1.3881259576
5715	3.00627471035	2.50118118929
5716	3.22263798497	2.805341096
5717	3.30239596148	2.29012862205
5718	3.09979185048	2.3557221577
5719	2.73272038949	3.62330424341
5720	2.72388192259	2.5216090694
5721	2.18195481953	2.85969519025
5722	2.08451459625	1.91806431135
5723	2.79786316409	1.71808583595
5724	1.70008365515	2.07993211256
5725	2.98416212029	1.39276100769
5726	2.36842421801	2.40567362143
5727	3.30020097533	1.65278803594
5728	2.67066620534	2.19879124432
5729	2.36521345569	1.48699169401
5730	3.34913915798	1.63657074021
5731	3.03247643684	1.40283774682
5732	2.54301556664	2.32040638802
5733	3.42061534534	3.57269651406
5734	2.30957198178	1.88109213179
5735	2.99341575852	4.19975071312
5736	2.52608751987	1.57683834225
5737	2.4008654286	1.37588781522
5738	3.34738782393	2.74865285028
5739	3.29617683408	1.43195789414
5740	2.11473342216	2.67249475386
5741	2.60673107044	1.35722336892
5742	3.10001247831	2.70604198498
5743	3.38425957129	1.62364388631
5744	3.09805797776	3.2441032446
5745	3.31618430442	1.51430185281
5746	2.36950210973	2.94876810644
5747	2.27587907446	2.92200394131
5748	1.91097219601	2.02268725609
5749	3.21748894151	3.50727914559
5750	2.62283686778	2.54182655193
5751	2.38898397661	2.02414233797
5752	2.8818954479	1.35674930774
5753	3.00867825275	2.80113553888
5754	3.26943647565	1.46194598684
5755	2.73108363636	1.9301961707
5756	2.9981026662	2.50872693863
5757	3.32006885847	2.03261100452
5758	3.36440078324	3.74241402547
5759	3.07318623461	4.38226567359
5760	3.22548661505	1.86791208852
5761	2.40079173008	2.1939193656
5762	2.49621859822	1.56095239406
5763	2.83938829504	2.05088346749
5764	3.41093494587	1.89284948033
5765	3.21765962803	1.54429597858
5766	3.25171190219	2.52198899181
5767	1.96018571249	3.32382698662
5768	3.38086865297	1.38595348532
5769	2.53060166567	2.98331212721
5770	3.2302444876	2.72808692073
5771	2.82198688709	1.77738505398
5772	3.2939401277	1.38882320883
5773	2.8650275301	3.25847856549
5774	1.84621756906	2.63578653028
5775	3.1078055902	2.56028025545
5776	3.35789582821	2.1835775707
5777	3.326174978	1.79757420305
5778	2.1678183377	2.37912610842
5779	2.38988434883	2.89892824654
5780	3.27507723123	2.71745113912
5781	3.24249821639	1.51145488563
5782	3.22275177598	2.14851422573
5783	2.40034953895	2.22005667079
5784	2.17814884365	1.68957782504
5785	2.16727462686	4.22679560581
5786	3.25316650876	2.3134848132
5787	2.69458087412	2.72644804129
5788	3.4040905967	1.35048410965
5789	2.98422220885	2.89545951259
5790	3.30269790106	1.9788774499
5791	2.49413801511	1.66546376283
5792	3.23989551988	2.19229836664
5898	3.3511406826	2.11478544346
5899	3.27733876384	1.7560237026
5900	2.36949212925	1.61059508087
5901	2.91218182751	1.65441082374
5902	2.59550581775	1.42408577734
5903	2.83043398496	3.59610504824
5904	2.76316399772	1.38664161785
5905	1.52047038105	3.37391704846
5906	3.10969322443	2.66247010279
5907	2.22896489971	3.00206196881
5908	2.47055807312	1.32006166386
5909	1.59418822945	2.82222253678
5910	2.83340980626	2.40892448881
5911	2.07760743604	2.43473838334
5912	3.2965426651	1.47489853991
5913	3.38042665254	2.39487203603
5914	3.42572248271	2.52236897344
5915	2.42755935537	1.77856035598
5916	3.22204058214	3.05800553101
5917	2.99047476361	2.78437252272
5918	3.00206851116	1.68469236598
5919	2.98452265165	2.71581841777
5920	2.14840582817	1.77879559402
5921	3.24163321971	3.24123457535
5922	1.61493384633	1.32726073458
5923	2.73435714262	2.2246696609
5924	2.92177635227	2.77103032238
5925	3.38078054435	1.63341327252
5926	2.98428229741	1.52344381521
5927	1.95932231747	2.98732115738
5928	2.67701091338	1.55487935917
5929	3.13767723767	1.40090679119
5930	3.32937410231	2.92331506025
5931	3.26807304692	1.35070630755
5932	2.76119989397	1.32664264855
5933	3.33349159847	3.53034928141
5934	3.32036724151	1.48832751377
5935	3.00705586163	2.75030451958
5936	2.27758504445	2.30830917532
5937	3.28447024133	2.6604696135
5938	2.78771529468	2.33781394662
5939	2.71556721611	3.40570724054
5940	3.09979273787	1.50302909282
5941	3.00453214212	3.42572340324
5942	3.00651868219	2.32075308849
5943	3.29932952669	1.78825366955
5944	3.40627633499	2.2472406968
5945	3.25008212513	1.59356108035
5946	3.00813745571	2.00879378814
5947	2.38618317773	2.79609668636
5948	2.37593803916	1.58061134621
5949	3.22283711925	1.96569783344
5950	2.87177469722	2.01659207717
5951	3.10375276658	2.03290391569
5952	3.40445488641	2.38913298062
5953	2.7579263877	1.35857811827
5954	3.36064792457	1.68893881488
5955	3.26947116937	1.86483328412
5956	2.88796789831	2.43291073341
5957	3.23654637726	3.09777785302
5958	2.99467761828	1.92613791265
5959	3.00032594292	3.98847869953
5960	1.58394819436	3.69573025365
5961	2.38148994718	2.42707220131
5962	2.36850406184	1.67355382259
5963	2.07501725096	3.22644707583
5964	3.16481324512	1.54059105842
5965	1.96536608265	1.63577995219
5966	2.39157941484	1.47763085121
5967	1.489546317	1.43904494971
5968	3.34898720535	3.55405601827
5969	3.279348607	1.43145878136
5970	2.85153319586	1.71874481958
5971	2.92417498346	2.91022780374
5972	3.22226816417	1.50519697818
5973	3.3688715633	1.98707480563
5974	3.26482186743	2.30521018752
5975	2.3901054444	3.19846059205
5976	2.62137270439	2.40206717173
5977	2.99039290688	2.09726258761
5978	2.7566169852	2.28059094822
5979	2.16673091602	3.25272204221
5980	1.70505393209	2.23061770133
5981	3.15244057509	4.27056550977
5982	2.99121147416	3.07440868666
5983	3.37835774657	1.49781254563
5984	3.48151197875	4.11879379875
5985	2.98247964061	1.39184429121
5986	2.20124288736	1.42897742843
5987	3.33838096312	1.67063933642
5988	3.37599897201	1.48374654821
5989	2.81210083511	1.79781439788
5990	3.30202422619	1.31779380304
5991	3.00496340436	1.9369993619
5992	3.00365369673	1.36358014379
5993	3.27440355636	2.02910068905
5994	2.71929901382	1.74689247903
5995	2.78575119093	2.50721589396
5996	1.79259331472	1.52279599748
5997	3.34423941705	3.15804294913
5998	2.53003739745	2.20139502717
5999	3.30673995031	1.37597966573
6000	2.54865258912	1.92182536018
6001	3.40351576574	2.57887038412
6002	3.46812455987	1.59614978038
6003	2.98338096901	1.59837790324
6004	3.23035151878	1.51957111981
6005	3.09776885108	1.65177571796
6006	2.98758716821	1.44802238262
6007	3.38717423453	1.98226341951
6008	3.41664339756	1.60192320246
6009	2.03184749966	2.15768865363
6010	2.98584459997	2.26974759337
6011	1.57384604771	3.34388718217
6012	2.36895318339	1.45933030357
6013	2.55060480698	1.36862778006
6014	2.98794769957	2.43510409096
6015	2.35068249287	3.03535067685
6016	3.09105504662	2.00419294886
6017	3.28959187566	1.84326918905
6018	2.36761579922	2.70035481633
6019	2.36935240254	1.64573289656
6020	2.36810484268	4.03100577784
6021	1.53577055533	1.68152307253
6022	3.40481917613	3.85518354207
6023	2.37012797624	1.48966812973
6024	2.59355359989	2.55758059338
6025	2.37793217563	1.38007970816
6026	1.51748710854	3.06118902345
6027	2.40967058336	1.91913771249
6028	1.52627829165	2.5254109581
6029	1.58657513059	1.4017626252
6030	1.78325045346	2.57731599605
6031	1.51134366438	3.32626802282
6032	3.25044795615	3.87449196874
6033	2.40071803156	3.62592798839
6034	2.82712751685	1.43283362117
6035	2.6365023928	1.73898037456
6036	2.38550190233	2.30865380336
6037	2.41186233858	4.31712805601
6038	1.56055795641	4.20033731329
6039	1.45404344349	4.16991414258
6040	2.08796817635	2.80786727246
6041	3.31812669548	3.38084023539
6042	1.84535417403	3.63380810518
6043	2.268628702	2.19911650993
6044	2.71897166319	3.43526621223
6045	2.36894320291	3.55095672973
6046	3.42550093951	2.20335035123
6047	2.96295285436	2.08568756193
6048	2.27843802945	1.66422713191
6049	2.99031105016	2.27787442512
6050	2.35394454575	2.9303166949
6051	2.3937903705	1.95624517817
6052	3.00873834131	1.62306243052
6053	2.8872931816	1.80795604941
6054	2.28355593942	2.33501878958
6055	2.98404194317	1.41021664724
6056	2.00076527872	2.12782012386
6057	2.24602459962	1.35865834232
6058	2.38913537115	3.0213664457
6059	2.48928332117	2.96289643214
6060	2.53850142083	1.76617747289
6061	3.10661298703	1.43917319182
6062	3.3816244402	1.33778026332
6063	3.3847005767	3.27917612582
6064	1.99213132846	1.43981529058
6065	2.99706926825	2.89936210474
6066	2.51286326316	2.28705787852
6067	3.10441281746	1.79973808815
6068	2.66432149729	1.63361017016
6069	2.39880186999	1.98113381558
6070	1.47613473707	1.60680930375
6071	2.9145804587	1.70848196824
6072	3.09487758424	1.55695337126
6073	2.36765572113	4.10493146815
6074	2.27033467199	3.50779051261
6075	3.39871732339	3.38480155289
6076	1.55314729011	2.56878379637
6077	1.47948763205	2.24057373492
6078	2.22853840722	1.39399075707
6079	3.22158541807	3.91388330734
6080	3.22241690824	1.35318565663
6081	1.92651330648	3.48992789845
6082	3.38053554232	1.77527324077
6083	2.98079716093	1.4429142972
6084	2.99792372581	1.46277643301
6085	3.0868428684	1.3241109075
6086	1.48926690909	2.36526532589
6087	2.7428682589	2.41979535262
6088	2.99996541156	1.60285972867
6089	2.59745803561	4.18978799085
6090	2.48650921034	1.42700939923
6091	2.36824456939	4.22326090564
6092	2.81351312825	3.81842402519
6093	2.36284105359	4.1026243956
6094	2.95016015468	3.5252122224
6095	2.75759903708	3.14963886519
6096	2.58867305524	1.63007507216
6097	3.42452382067	1.41481955278
6098	2.14408885304	1.58350354274
6099	2.40866602889	2.47905922305
6100	1.54803648576	4.03613140949
6101	2.13545490278	1.3995241434
6102	2.78935204781	4.21619790021
6103	2.68189145803	2.51819243222
6104	1.49066394867	2.35149460529
6105	3.13015103969	1.32066753707
6106	3.31154173706	1.31783343814
6107	3.37265707231	2.2873988354
6108	2.98253972917	2.33118163633
6109	2.65407235353	3.81678429397
6110	3.08761096611	4.38347335094
6111	3.51863688835	2.72849678862
6112	2.9613537669	2.88594003427
6113	2.63210990261	3.48432891471
6114	2.65358429907	3.40321188159
6115	2.82598838432	2.19781580275
6116	2.87447356407	1.3947120485
6117	3.22280867149	2.2409065205
6118	2.97472158003	1.39741653303
6119	2.36902304674	2.96776704781
6120	3.3868722004	1.38439150603
6121	2.79229820345	2.46788981408
6122	3.41774825918	1.80892736851
6123	1.57895685205	2.69103680552
6124	1.97140984783	1.62811941855
6125	3.0862351894	2.24924540392
6126	2.98740690253	2.92375221833
6127	3.39472169623	3.52572566185
6128	2.2699081795	2.0090818439
6129	3.29288435487	1.36775774147
6130	2.45460693589	2.81503634844
6131	3.37318875215	1.6073756604
6132	2.96495171368	1.38822538728
6133	2.42131760602	2.19067884799
6134	2.45391340818	1.64593346537
6135	2.40957926023	3.16880941942
6136	2.40766147441	2.53379595597
6137	2.3681447646	1.43033924153
6138	3.04369567244	2.43949720099
6139	3.19762922931	3.79551628294
6140	2.67164231427	2.90587708322
6141	1.6499867852	2.20563425678
6142	3.22414571593	1.34216704206
6143	2.99251443012	2.51705461898
6144	2.56378227753	3.61282406656
6145	2.23621527217	3.73271513998
6146	2.12250397739	1.64613409338
6147	2.52552325164	4.2770995286
6148	3.44837474546	4.16349902319
6149	2.26095183704	1.39533260758
6150	2.3694222659	2.97575260059
6151	1.56362443902	3.32822191761
6152	1.6755114805	2.12813174645
6153	2.38345807612	3.94292355833
6154	2.98249975737	2.51099528199
6155	3.10235624719	1.48639953586
6156	2.46986454541	3.72518482594
6157	3.25943799831	3.62645291502
6158	2.64089488298	1.67001631358
6159	2.3782349647	1.41342595441
6160	2.37645637472	1.75832131157
6161	2.69799725537	4.18452060492
6162	1.52019381387	2.10400299839
6163	2.67652285892	3.27146191817
6164	2.36841423753	1.61402253089
6165	2.39165311336	4.30394289963
6166	3.39087961763	2.40026616735
7277	3.21694843418	2.76978259974
7278	3.21879753819	3.96649624777
7279	2.99191354452	3.89886833041
7280	3.42262806466	4.06068673786
7281	3.39306792212	3.54218698818
7282	3.43282933076	2.1378214163
7283	3.41397331532	2.99133498375
7284	3.12118811249	3.39125476451
7285	3.38486391138	1.64794241006
7286	3.32222694406	1.51764756197
7287	3.31482404879	1.33073927559
7288	3.54883295937	3.70962323715
7289	3.00164789124	3.60707006499
7290	3.10881315661	3.24505994138
7291	3.38276778297	1.39878378561
7292	2.11991379231	1.97915928836
7293	2.21702310978	1.63400414307
7294	3.4127763819	1.3214188427
7295	1.72990531678	1.565500721
7296	3.23691220828	1.79326082143
7297	2.24559810712	2.06488833439
7298	2.89741393228	1.80819879037
7299	3.38481112713	3.05846013801
7300	3.43214208882	1.77785499714
7301	3.528084472	4.19095917239
7302	3.38369334617	2.62234728043
7303	3.42410121349	3.16693473974
7304	3.29287698007	1.95044096855
7305	3.24898463206	3.35321712137
7306	2.76872895837	3.28255585826
7452	3.39042025504	1.33304905206
7453	3.52187250984	1.32218726068
7713	3.03856687902	2.04821689105
7714	1.91010880098	1.73225630273
7715	3.02734764342	4.46798717825
7716	1.66035959363	4.16175068863
7717	3.43077834697	2.07600648967
7718	2.37144346218	2.73095723941
7719	2.0663833007	2.68699526651
7720	1.78792188409	2.62274157548
7721	1.55365837054	2.53608774741
7722	2.36785533071	3.91444024657
7723	1.68082383202	1.38017422322
7724	3.26617869016	2.51326575699
7725	2.38239831439	4.14545859757
7726	3.22962652081	1.39093237093
7782	2.36763576017	1.75281699771
7783	3.09690529416	1.64633478061
7784	2.98013618677	4.32853829972
7785	3.00807736715	2.8863721161
7786	3.00805703052	2.61054596261
7787	3.34788820509	2.85199302556
7788	3.41426407291	4.31652810899
7789	3.36690268902	2.94568561768
7790	3.09786855295	2.05414912983
7791	2.5725672579	2.39271811388
7792	1.65249056654	3.28642196236
7793	2.98806787669	2.22995586056
7794	2.99287496148	2.14284480004
7795	2.99858337468	4.47778881185
7796	1.78725453686	3.90442439993
7797	1.86952923476	2.25997317633
7798	2.37528277129	3.3463403569
7799	2.36808488172	2.14315926483
7800	1.46123467141	3.76674517264
7801	2.37592027029	3.35616785888
7802	3.33287677041	4.41010217564
7803	1.45260519791	3.61963348735
7804	3.28652970409	3.17021605092
7805	2.94576266416	2.07359569558
7806	2.61600410527	2.23326743294
7807	3.57000010067	1.44908132693
7808	2.81798538986	2.08902943423
7809	2.99167319028	2.06010558948
7810	2.42547877225	2.12097940742
7811	1.51553125313	3.8436333029
7812	1.70629650133	2.10707629544
7813	1.56847970314	4.13500962436
7814	1.99126793343	1.83725795309
7911	3.38365548633	1.4680854269
7912	3.24989399722	2.97442034285
7913	3.00711595019	1.36383182943
7914	3.38020887296	2.18647809802
7915	3.492030665	1.32846557822
7916	3.3966759339	1.35986880853
7917	2.49552507052	4.22738492975
7918	2.97977565541	2.78729921153
7919	2.41314086246	3.10145757871
7920	1.47837000039	3.15477241459
7921	3.58186344583	2.1012420937
7922	3.43631315101	3.18007739287
7923	3.38263116835	1.52963973713
7924	3.12986191301	1.70458345234
7925	3.51401457195	1.56287604288
7926	3.41157944848	1.77223131126
7927	3.00692796582	1.34974729876
7928	2.98049671813	1.4025145886
7929	3.00398112364	1.47432604025
7930	3.5513632627	1.32558151506
7931	3.00782838982	2.43327614497
7932	3.22246729844	1.33403595592
7933	3.2606912248	3.64222824775
7934	3.37958275668	1.84151238877
7935	3.13621252882	1.47404014569
7936	3.54478447403	2.56491499776
7937	3.28726595754	2.38591142333
7938	3.09256457077	2.33886310752
7939	3.54655568636	1.9615191066
8256	3.26670961819	1.65522363874
8257	1.93687404679	1.69833742296
8258	2.269481687	1.41033008425
8259	2.3685240228	2.31141295932
8260	3.33037486463	1.38713491746
8261	3.34138325006	1.35730258636
8262	3.29865585182	1.37524651963
8263	3.39838589186	1.49341722819
8264	3.08848093771	1.78588026882
8265	3.40827992843	1.53708127808
8266	3.40891743543	1.76247192922
8267	2.61112356062	1.41563642277
8268	3.50341212985	2.56375551281
8269	3.14646549072	3.17678737748
8270	3.53921780669	1.94192057472
8271	3.00547167469	1.59061677698
8272	2.0896949664	1.33527869817
8273	3.06613414366	4.14429665315
8274	3.22053285118	3.61701329511
8275	3.3075175958	3.68508783506
8276	1.63961397676	2.75319722052
8277	2.79098880094	3.32041202285
8278	1.59036959403	1.72050471461
8279	3.00013385745	1.61268735398
8280	2.94776152349	3.20460919961
8281	1.90924540596	1.67878712818
8282	3.42930095996	1.72536396598
8283	2.89269091529	2.45494023286
8284	3.04626006915	1.41869591341
8285	3.00242904252	2.38305184329
8286	3.29434767896	1.37198792832
8287	3.12494675938	3.79660475932
8288	2.38973695179	3.01461989127
8289	3.29935123683	1.47705385141
8290	2.98867391561	1.56427538294
8291	3.37922886487	1.94493742692
8292	2.26479026952	4.4004057031
8293	2.99702107212	1.80989963502
8294	3.23528991074	4.04982320864
8295	2.23664176467	3.21456312161
8296	3.34613687104	3.01147605855
8297	2.54527263954	1.70869896489
8298	2.64772764549	2.61408076239
8299	2.36882343716	1.47936753499
8300	3.39429296703	1.65218046752
8301	2.98580893015	3.69839455906
8302	3.19126656191	3.52880754198
8303	2.15585669922	2.98108696066
8304	3.26007407914	1.32325412268
8305	2.4185434952	3.9468450864
8306	3.25520375945	2.73794009267
8307	3.41597403087	1.73516352423
8308	3.26544702811	1.33096023792
8309	3.23216942375	2.25359624874
8310	3.38051348359	3.19893314037
8311	2.78051358091	1.31955158109
8312	2.37502676291	2.38448115961
8313	2.72060841632	3.78193031239
8314	1.78258310623	2.70319694995
8315	2.03702786981	1.39368252036
8316	2.35898590019	2.72235498757
8317	1.76323003649	3.06710892129
8318	3.34713763335	1.72492103161
8319	2.01630638919	2.5606661583
8320	2.98506344869	1.81111630043
8321	3.37519633514	1.78138712042
8322	3.001770992	1.33563856359
8323	3.47194953669	1.36827905408
8479	2.32151377172	1.44657252188
8480	3.39953999719	1.93973100053
8481	3.13044016638	1.5514416203
8482	3.25287817653	1.39002524685
8483	3.24788713899	2.04024593892
8484	3.00406298036	1.59393018409
8485	3.37660304025	1.45497325952
8486	3.52314364685	3.38232528536
8487	3.38071214243	1.47289893595
8488	2.71800748843	1.33581929566
8489	3.08588884317	2.41834282507
8490	3.50485009415	2.31936664189
8491	3.48342446716	1.3230195316
8492	2.97983574397	2.17202342336
8493	3.36329563327	1.50535227122
8494	3.26697995302	1.36199851013
8495	2.98737418389	1.79661401585
8496	3.38134221215	1.31921626289
8497	2.9984967229	1.89311211663
8498	3.38246833605	1.3664637859
8499	3.38378680915	1.50831408944
8500	3.32956443506	2.6461097893
8501	2.87379884735	2.02443353198
8502	2.37582841533	1.87357870865
8503	2.09746552164	1.33716094757
8504	3.00299884291	3.72572232063
8505	2.30445407181	3.01956606185
8506	2.81892691862	3.53858089197
8507	3.11338169202	2.39559048378
8508	3.41148737668	3.60132322811
8509	3.38407446042	1.60304721155
8510	3.42998283089	3.03715761765
8511	2.36844417896	2.2959420013
8512	3.24999485427	2.31867377386
8513	2.98386167749	1.49146307843
8514	3.25489650211	2.92244092175
8515	3.16357597811	1.33051926065
8516	3.39692021361	3.59819160964
8517	1.99731169861	2.39594979647
8518	2.9993044374	3.25224271681
8519	2.17162431358	1.3704741347
8520	3.22485690978	1.43408969284
8521	3.01484358956	4.01906462253
8522	3.40144949626	1.42947180422
8523	3.43807826239	1.37003215796
8524	3.3591467811	1.82855270403
8525	3.37115592884	1.98141612774
8526	3.40205008749	1.45878235718
8527	2.62478908564	1.44486828722
8528	3.42513411225	1.48566067044
8529	3.02093665164	2.09146438695
8530	2.20294885735	2.35607483861
8531	3.40864421815	1.34622251682
8532	2.40364325651	2.45383369524
8533	3.10331789596	2.29320416178
8534	2.69262865626	2.00333197905
8535	3.22189834337	2.20857497007
8536	3.5103143585	1.57220318274
8537	3.49537751972	1.9413728259
8538	3.24682319978	2.65767141541
8539	3.43146021789	4.01565766007
8540	3.04337512286	2.09634566114
8541	2.8241053268	2.15515280314
8542	2.819397683	1.93509073799
8543	1.51964067953	3.18902206008
8544	1.94291781197	2.13062685888
8545	3.09339514564	2.68376629859
8546	3.38388390329	1.87228832392
8547	2.98026445537	3.99639180382
8548	2.38830270121	1.85437836994
8549	2.99351440399	2.36987557986
8550	2.73697594763	1.67480644083
8551	3.04593951957	1.7141431253
8552	3.22110180626	2.85626963745
8553	2.36973166074	1.45768930657
8554	2.36930250015	2.40603459207
8555	2.38595608593	4.40707039963
8556	2.24730407712	4.4484293861
8557	3.26136893049	4.29317636084
8558	2.28398243192	3.256558777
8559	2.99233416444	3.06209912563
8560	3.24105655526	2.86098074956
8561	3.43209649164	2.74741472004
8562	2.38542620506	3.18054763192
8563	2.82679687004	2.10001656446
8564	2.13718169283	1.33101562654
8565	3.00272948532	2.27889267719
8566	2.5891611097	3.00385311554
8567	2.39813858329	1.69469910947
8568	3.37811321086	1.50010552576
8569	3.0873108882	1.36341264943
8570	3.35470979782	2.98598428108
8571	3.00248913108	2.03965721518
8572	3.37322882674	1.51461936675
8573	3.00729621587	2.59095079162
8574	3.25374043536	1.77410208363
8575	2.38769712307	1.50148770876
8576	3.21740359825	1.59633513161
8577	2.34949629182	1.35026244465
8578	1.65463666484	2.90370394342
8579	3.41213187929	2.70076065778
8580	3.23189239904	2.18809157453
8581	3.530361745	1.52849227858
8582	3.53365113934	1.34277235103
8583	3.58390885017	1.31787313246
8584	3.51632573015	2.67490617686
8585	3.26288621095	1.32899904201
8586	3.36458723546	2.07842107335
8587	2.9947977954	1.83351825022
8588	3.00967287791	2.9922275965
8589	3.37310860297	1.9783139506
8590	3.42085962505	2.23625291074
8591	3.43454803962	2.58353923272
8592	2.55987784181	2.74370352678
8593	3.35013992029	3.25176345063
8594	3.62111298855	2.63182670426
8595	3.37388473316	1.4655599821
8596	2.98680601693	2.33536797696
8597	3.38022744972	3.40470891933
8598	3.37751385072	1.36784447887
8599	3.00062413251	2.71990199752
8600	3.37871727911	1.52360591767
8601	3.33431222335	2.4136286535
8602	3.15862691011	1.35242752931
8603	3.41279839466	3.15010525544
8604	3.37861924688	2.34832953655
8605	3.38323525331	1.8069856777
8606	3.10933391844	1.81673202766
8607	2.37626691065	3.69306742854
8608	2.25327497208	3.50216873213
8609	3.37848881435	1.9229020772
8610	3.00236895396	1.36836614675
8611	3.10716449102	3.07669297199
8612	2.65651262586	3.79606049152
8613	2.40241309756	1.49056453826
8614	2.53962995728	1.5302967304
8615	3.0861408387	1.59135143173
8616	3.27276364858	1.91511734325
8617	3.25959373173	2.12408527124
8618	1.8013210277	1.32905271405
8619	2.23962721216	3.43627218917
8620	2.38822700394	3.35075980178
8621	2.83671627437	1.71326957271
8622	1.93601065177	2.95494178818
8623	3.22880256508	2.07811904315
8624	3.42892085543	1.75924201311
8625	2.64235904638	1.85184349001
8626	3.41203980749	2.15356982097
8627	2.38050588271	3.61334751288
8628	3.22494225304	2.71174075924
8629	2.30402757931	1.9410990403
8630	3.28585602922	2.11293187284
8631	3.01006028963	3.49961574586
8632	2.78116828216	2.9717574261
8633	3.0478628171	1.52214912715
8634	2.39983364929	2.5345596496
8635	2.17271173526	1.3455206412
8636	3.00939931547	3.96312232578
8637	3.38472779915	1.40987669148
8638	3.38031796946	3.10606256493
8639	3.47481826931	2.17458437988
8640	3.39252439822	3.17443914286
8641	3.08408492063	3.80913926119
8642	2.52721605632	3.34732204127
8643	2.88391959804	1.52376807934
8644	2.97498459243	1.66463910537
8645	3.28989807846	3.80368562897
8646	3.35264182607	2.63420188932
8647	2.99587730762	1.71130754333
8648	3.24538153865	3.18101793018
8649	1.54241460098	4.27115921542
8650	3.22983250974	2.84857599933
8651	2.97849142431	3.10652338922
8652	1.79527726252	3.04167911451
8653	1.56822416293	4.27412863186
8654	3.0648519453	3.40071800295
8655	2.79524435908	2.19165038154
8656	2.55499729716	3.22978121479
8657	3.40156152807	2.65009093176
8658	2.39297968676	3.00116675071
8659	2.99260303852	2.06518775925
8660	2.99189855659	3.95189131434
8661	2.78869734656	3.10698427272
8662	1.59919579215	1.80046044901
8663	2.74385031078	3.64064831638
8664	2.92697338651	1.52474229285
8665	1.99644830359	2.55488383272
8666	2.47263865623	2.56298281891
8667	2.57207920343	2.22499960429
8668	3.11887509901	2.89026351713
8669	2.81257159949	1.75053359969
8670	3.08921371405	3.54373334617
8671	2.97254737911	1.39103345856
8672	1.76723411988	2.57149547853
8673	3.02670654424	3.18619511905
8674	2.16401236182	2.00247154214
8675	3.52071693074	2.36668279975
8676	3.37719856935	2.35219860524
8677	2.38043018544	3.06756471253
8678	3.40563882799	2.07148935939
8679	2.79753581347	1.41458669426
8680	3.54351932236	4.2979591207
8681	3.42769945688	1.7238147319
8682	3.50657565131	2.24157226929
8683	3.40609419013	3.18148828765
8684	3.24076822303	3.18572416945
8685	2.39408516458	3.95357445614
8686	2.80080248998	1.93236916545
8687	2.24175967465	1.44736246683
8688	2.98670935415	1.74394523
8689	2.20849325982	3.32089969718
8690	3.58145436496	1.86534582606
8691	1.66679788853	3.62960371828
8692	3.00930181092	2.60466528786
8693	2.91258159937	3.51854289794
8694	2.86367809667	3.31407764489
8695	2.45738104671	3.29949804152
8696	2.06551990567	3.86620804689
8697	3.28812855156	2.12439618329
8698	3.1755362258	2.03056228428
8699	3.52048581492	1.37857552008
8700	2.98632530845	1.32948422206
8701	3.03183533766	1.90472673381
8702	3.23065646546	2.17907517248
8703	3.00962923783	2.03642346828
8704	3.37897441626	1.47218760426
8705	3.37779051832	2.7511307095
8706	2.97054851979	2.57964793343
8707	1.94205441695	2.07058753207
8708	2.98613635706	1.91725988223
8709	2.53398727503	3.06574190283
8710	1.8177255332	1.66773645586
8711	3.00891860699	3.25895866065
8712	2.76611015336	3.25559923803
8713	2.36610310647	3.74565125058
8714	3.37814568771	2.06668577175
8715	2.98478882807	3.41070239937
8716	2.01457959914	3.55715743846
8717	3.06741634201	2.39128335003
8718	3.24768819646	2.67691732436
8719	3.00324441309	1.35549556597
8720	2.79262555408	3.97832176144
8721	1.65606739704	3.08126598356
8722	1.60527640399	1.72891425097
8723	2.36924261728	4.24036503713
8724	2.59696998114	2.25728554885
8725	3.23067659512	3.58360557518
8726	2.96455194182	2.22830229483
8727	3.36568472853	2.64650763709
8728	2.98172132862	4.21678615833
8729	2.80315631188	1.67543354931
8730	1.7267988937	3.88888232677
8731	1.88766053031	2.40386965643
8732	2.89538978214	3.85738654824
8733	3.00345054804	3.01821639569
8734	2.90738456513	3.0218166897
8735	2.99767815562	2.09542926759
8736	3.52060137283	4.2806665587
8737	3.07607118091	1.37979651826
8738	2.55743756949	2.51175187014
8739	1.74721370291	2.61447381398
8740	3.25776457662	2.82772940368
8741	3.35164106376	1.57007737875
8742	3.24386299773	4.03955116181
8743	3.0011070942	2.09115981061
8744	2.95295855773	2.90240077009
8745	3.00735630443	4.14081224098
8746	2.38088436905	2.1494609952
8747	2.98630007051	3.87504470389
8748	1.88248016015	3.08584491636
8749	2.37544373302	3.88943660145
8750	2.9975017806	4.40404010393
8751	1.49261980407	1.73247957988
8752	2.36135830229	2.39990614411
8753	2.40501310352	2.74411564474
8754	2.92337543973	3.60968463206
8755	2.02062336432	1.74711960497
8756	2.38610748047	2.36916565868
8757	2.84613546216	3.37688270748
8758	1.68268768587	1.56831238879
8759	3.45712775151	2.49140712412
8760	2.04479842505	2.36703731625
8761	1.52130008256	3.46453570438
8762	2.43518816013	1.4469672279
8763	2.34326873633	2.94920869883
8764	3.2221259254	1.61421350729
8765	2.37627767325	1.61574345019
8766	3.29071889448	1.42024066905
8767	2.92097680854	3.70106034479
8768	3.3776227405	2.58938728397
8769	3.39889946825	2.66126963158
8770	1.72431375523	2.18196823906
8771	3.33187600809	1.8196744069
8772	1.6024149396	3.29998316972
8773	2.34682733947	1.64834490954
8774	1.7759096339	2.61919505166
8775	1.47417888166	3.19987841467
8776	3.40308879998	4.19330224602
8777	2.38103576358	2.23028675134
8778	3.43055105666	2.81123882363
8779	3.29910348226	1.43233285045
8780	2.67603480445	2.91109865839
8781	3.31532107018	3.02767524994
8782	3.00856510037	1.44591586277
8783	2.99293505004	1.66012042406
8784	3.22900855401	2.68013823941
8785	3.29028727736	1.35873862558
8786	3.34812397111	1.44447642339
8787	3.37764996295	1.35464241152
8788	3.05619710641	3.77704842247
8789	3.22779327286	1.36282828434
8790	3.40571428312	3.69147044402
8791	3.40645847985	1.56008037672
8792	2.97454623844	2.86784606611
8793	3.00687559595	2.5471947896
8794	3.33647030894	1.43866057864
8795	3.42668712141	1.600801325
8796	3.40217807569	1.81306604412
8797	3.44602126362	2.23359891585
8798	3.62413616538	2.89415971436
8799	3.55009811104	3.62487831276
8800	3.53744659435	1.60098815655
8801	3.39123891756	2.30349060006
8802	3.22007768711	3.39872396585
8803	2.40492178039	1.32223299465
8804	3.40983648026	1.87590513155
8805	3.51909911999	3.66969839846
8806	3.51389901404	2.22764128302
8807	3.11685121223	2.134376633
8808	3.51378345612	2.43218008793
8809	3.43925500331	2.30177249291
8810	3.24459465977	1.34960064713
8811	3.3714271979	1.81918341823
8812	2.98151822365	2.73670658099
8813	2.29848317684	3.41120224092
8814	3.26266378184	2.31728874834
8815	3.39634944023	2.13093901439
8816	3.37754107316	1.36586449931
8817	3.42235184926	1.34952741014
8818	3.10412963813	1.5743375133
8819	3.55819508172	1.98735836126
8820	3.10045251222	1.36224682067
8821	2.76971101025	1.85209671154
8822	3.4110884367	2.11385839169
8823	2.39349557641	2.80870980498
8824	2.98656566269	1.33821730748
8825	3.4309488147	1.37736452879
8826	1.54215906076	3.98170527582
8827	2.44073638178	1.39460882923
8828	3.10309271571	2.66848045251
8829	1.60384567179	1.74417158619
8830	3.08581957393	1.40808075413
8831	3.39267611731	1.3233483736
8832	3.36640230786	2.98375733816
8833	1.8410371989	2.43839812412
8834	2.72322722133	3.07943606838
8835	3.23442491406	4.26285272464
8836	3.0038110794	3.63906891792
8837	2.1732554461	3.99299905231
8838	3.45330277469	1.52620606569
8839	3.10243266484	1.38674015935
8840	3.3962583678	2.48129949977
8841	3.32946745721	4.27175298028
8842	3.24398580606	1.43158347074
8843	3.32537105307	3.01192499987
8844	3.29471350998	3.78355867485
8845	3.36129475625	4.11590300062
8846	3.53137386634	1.90366612253
8847	3.06837799078	3.13939326047
8848	3.37702549025	1.44828676342
8849	3.52117916238	2.68336294405
8850	3.41277833256	1.85133722457
8851	2.97214760725	2.58392868832
8852	3.27129612419	3.79497213357
8853	3.01709005657	1.53425858535
8854	2.98178360292	1.90260645866
8855	3.41231602289	2.42270324991
8856	3.43219455778	3.5644023753
8857	3.59618127619	4.27769388559
8858	3.53010871467	2.48092597229
8859	1.73253206379	3.33408928634
8860	3.38344536982	2.30727564647
8861	1.51908754519	1.3885240316
8862	1.82290590335	3.86014163823
8863	2.66188122497	1.34413465366
8864	2.97682567917	1.36749788453
8865	2.98872885085	1.33345335181
8866	3.6335416044	1.81844737933
8867	3.37435721429	1.35922156861
8868	3.38355042807	2.4542024819
8869	2.92537429905	1.39042782099
8870	2.39651721581	1.43522522
8871	2.39902296555	2.53761679261
8872	1.30586647133	4.43197466157
8873	3.37830330168	2.35713323663
8874	2.99577659033	2.31175812027
8875	3.42954689071	1.61536060919
8876	3.38091665658	1.49432251856
8877	3.56426780973	3.39274753896
8878	3.37336718002	1.37680898483
8879	3.40473716428	3.4082040798
8880	3.61385603097	1.60173607485
8881	3.42651665368	2.85455828215
8882	3.30280417377	1.63242967251
8883	3.42696661776	1.67710844395
8884	3.52454204733	1.72270991249
8885	3.38445592743	1.40316143794
8886	3.42697123429	2.04348815318
8887	3.57449999021	3.31797453939
8888	2.97971556685	2.04614620305
8889	2.98188030276	1.4709109376
8890	3.38312167478	2.21644032026
8891	3.34488591815	3.26953573474
8892	2.99448391242	2.27076158215
8893	3.00212859972	1.55161294473
8894	2.80197940093	1.50426646336
9457	3.38218306859	1.45228089739
9458	1.89802127062	1.387728831
9459	1.55186958902	3.57684926783
9460	1.59051553494	2.09451340695
9461	2.41012719903	3.19373836545
9462	1.59347286335	2.13375107852
9463	1.88334355518	3.73971796621
9464	3.36794224163	2.42597916409
9465	3.41968176701	1.32435230799
9466	2.80433322283	1.54734759775
9467	3.08672007412	1.41365762868
9468	3.00819754427	1.75855139814
9469	3.25403150544	1.3529575967
9470	3.28294978637	1.34566054263
9471	2.74581441454	1.33415318729
9472	2.36955201212	4.0968608591
9473	2.9790174491	1.35205068611
9474	3.33949162876	1.96374610297
9475	3.37298837921	1.41727886697
9476	3.38478486257	1.9617972739
9477	2.99053150765	2.41109439829
9478	2.76709220524	2.02764057412
9479	3.08664931734	2.36066507881
9480	3.54579659536	1.32731262663
9481	2.93696768313	1.55007315653
9482	3.38391813197	1.81550855284
9483	3.00771683579	1.33444730194
9484	2.8764977142	1.51161254717
9485	3.006273112	1.41192584486
9486	1.57537928901	1.53227339459
9487	2.99545342086	1.33213583341
9488	3.27605612779	1.33316427021
9489	3.21973631407	1.59171911438
9490	3.11858597233	1.44369429447
9491	3.02221885	3.55250610754
9492	2.74712381704	1.75671236356
9493	3.333017372	1.33539841646
9494	2.54470837132	1.3818856196
9495	3.3824077203	1.33196629247
9496	3.34438553699	1.3339189614
9497	2.98308052621	1.86560218585
9498	3.00663524171	1.34510235802
9499	2.0862413863	1.31767525301
9500	3.3943458468	1.45174526715
9501	3.12003160575	2.6449166012
9502	2.84546074545	1.3981515025
9503	3.37589628162	1.38565945956
9504	3.21865529942	1.4118108663
9505	3.43288078232	1.5618258917
9506	2.18032368701	1.43333533929
9507	1.7492157446	2.81292602031
9508	3.03504083355	1.74530425533
9509	3.31593170934	3.80041629182
9510	2.6530962446	2.92025661169
9511	1.88938732036	2.47160702917
9512	3.31081007501	1.32498687711
9513	2.98259981773	2.08023449803
9514	3.36665249844	1.95901826542
9515	1.5995534752	1.62851007557
9516	3.21802944883	1.43535168574
9517	3.37140611942	1.35265434578
9518	3.39012606981	1.36985578175
9519	3.00609444467	1.36307837125
9520	3.08488360301	1.55127035508
9521	3.33562886676	2.26772121454
9522	2.99593947804	1.81379817501
9523	2.98482309445	3.63485979403
9524	2.37308781961	1.59540896755
9525	2.77527597089	1.88031257184
9526	2.98015716946	2.16340817293
9527	3.47912136823	1.62500268893
9528	3.37950108934	1.67084712912
9529	2.87852186434	1.41680841296
9530	3.48581507767	3.47569003238
9531	2.38928676568	2.18583312191
9532	2.25881937455	3.39623275176
9533	1.5723128064	3.24171253887
9534	2.2127581848	3.03896550585
9535	2.83506304032	1.51398457573
9536	2.61893243206	2.12253159918
9537	1.58555354428	3.67924460054
9538	1.66000191058	3.31213061873
9539	2.36699275726	3.17303091264
9540	1.51936411236	1.40631792668
9541	1.90320164078	3.39075729145
9542	1.61564921243	2.54911482992
9543	2.84681017887	1.90552281399
9544	3.3533923978	3.48229469699
9545	1.5871588942	3.22359155172
9546	3.00549355907	1.3342118918
9547	2.98793720506	1.80601625338
9548	2.37891624011	1.32241652265
9549	3.32438502965	1.57989066557
9550	3.53263901801	2.01369878893
9551	2.98050785265	1.34130117424
9552	3.41194773569	2.17586627923
9553	3.35564411301	1.43421562568
9554	3.38381307371	2.15230450107
9555	3.27474906113	2.77311104435
9556	2.30530705681	1.6453319366
9557	2.36772558448	2.57615082672
9558	3.11049042518	1.35160042828
9559	3.37305351082	1.34764403176
9560	3.21925270225	1.5031835569
9561	3.40644712224	1.58187481701
9562	3.38328778244	1.45295176746
9563	2.74090415514	1.33287666892
9564	3.13159667311	2.07721330781
9565	3.46382146095	1.57917093233
9566	3.22460087999	1.49857539203
9567	3.37329170614	2.32630834889
9568	2.39320078232	2.78395466117
9569	2.37529481512	3.85353190917
9570	2.40174981086	3.37441117694
9571	2.50384740298	1.3204498215
9572	3.38192388712	1.4209570083
9573	3.2444402823	3.51034823586
9574	3.2571656171	3.79170848081
9575	2.99642292929	1.82311795931
9576	3.11101108609	1.47304137993
9577	2.15911896426	1.3582578142
9578	2.66334538836	1.61383161369
9579	1.4803258558	2.99044260785
9580	2.37929472644	2.9779742144
9581	1.61135701584	1.65238293111
9582	2.59843414454	2.77019844807
9583	3.08616592015	2.21086550741
9584	1.51521560479	1.60926736472
9585	2.90281166597	2.37948269735
9586	3.26870642149	3.38529698403
9587	1.90838201093	1.50941067395
9588	2.97743937475	2.01833089231
9589	2.01544299416	1.58550072088
9590	2.93257019262	1.36552335251
9591	2.39526434094	1.82780991492
9592	3.47147141459	1.55851447589
9593	3.40449288457	2.26535980007
9594	3.0821616231	1.78162306901
9595	2.99089203901	1.37074003129
9596	2.99833300944	1.31872039107
9597	3.28856080889	2.64134023438
9598	2.98181866645	2.17106404167
9599	2.39342187789	2.70970415044
9600	2.78084093153	1.3180724922
9601	2.93896654246	1.31831367791
9602	3.07831502803	1.3563558851
9603	2.54809398067	1.45960463204
9604	3.52757841133	1.49266444788
9605	3.26983700039	1.3838096718
9606	3.42794373659	1.40931128278
9607	3.51232750853	1.33492096441
9608	3.38622503373	2.89286044904
9609	2.74548706391	2.30383439913
9610	2.80480398721	1.76640957267
9611	2.78345973654	1.55990615089
9612	2.99023106485	1.32638762923
9613	3.25720315992	1.64193333968
9614	3.40937279758	1.346081668
9615	2.40409987218	3.47873709567
9616	2.9956991238	3.00968088538
9617	3.01003852146	1.78469578892
9618	3.09979246135	2.31003290764
9619	1.96450268762	1.53641570911
9620	2.88999204844	1.34538097663
9621	2.37475871069	1.31967830241
9622	3.06901908996	1.4572803896
9623	2.39364297345	2.9784187148
9624	3.38003992441	2.16659397338
9625	3.38402319022	1.50847056673
9626	3.21683464317	1.58097204181
9627	3.15821448777	1.33253350138
9628	3.53466326068	1.3345063025
9629	3.40954229503	1.32689914818
9630	3.53643447301	1.6213212606
9631	1.73653614719	1.92532815443
9632	2.67017815087	1.36249566411
9633	2.08710478132	1.83028795103
9634	2.99762195772	2.97886327441
9635	3.08280272228	1.34721509036
9636	2.38330668159	4.18393563588
9637	1.85830509942	4.291981263
9708	2.29208578938	1.52865602359
9709	2.99557894668	1.32628603598
9710	3.2669103522	1.98311124419
9711	2.7703657115	2.32387605728
9712	3.43307711347	2.63975227753
9713	3.33888134428	3.54992410724
9714	3.37409884207	2.31521298645
9715	2.39401146606	1.4203599109
9716	3.11453819875	3.38133519283
9717	3.35739544705	3.4736598411
9718	3.10524119349	2.44904485694
9719	3.26093731337	2.30934323707
9720	3.27561229537	1.43295896189
9721	3.00725539273	2.40820165935
9722	3.28046663023	1.36950373988
9723	2.39025284144	1.86508952549
9724	2.39445365719	2.01283195709
9725	3.34588668046	1.36509825127
9726	2.99882414981	1.63894878864
9727	2.77691272402	1.97690623857
9728	3.00957958115	1.51636992706
9729	2.62430103118	3.52315905675
9730	2.64382320977	3.12639484853
9731	3.09825234265	2.37485165986
9732	2.39828598033	2.96024275251
9733	2.51979854021	2.88983090239
9734	2.18304224121	1.43058761368
9735	2.56036589628	3.936207689
9736	2.74777851829	1.57184828995
9737	3.51840577253	2.69427430002
9738	2.80245016531	3.44886688512
9739	2.78476913905	1.36125677599
9740	2.31383690676	1.5002588648
9741	2.37624788967	3.37095352109
9742	3.09314282414	1.83850748133
9743	2.40528707293	1.38121779689
9744	3.42623377863	2.62984901171
9745	2.70190169109	1.66835752469
9746	3.00489267348	1.61881470475
