428	2.99173327884	2.12004880291
429	3.35464335069	2.40423033101
430	3.37865719349	1.8150195774
431	2.98155713328	1.39984232778
432	2.13631829781	1.57131639486
433	1.47697296081	3.91611141954
434	3.24825297001	1.31959376232
435	2.98261651778	3.17068504651
436	2.02753052453	3.23598088475
437	3.38536202979	3.07989345836
438	1.48870809326	3.19798810293
439	1.66858630378	2.88507604825
440	2.75236142706	3.11667650431
441	1.63746787846	2.7064486554
442	3.25258984431	2.03085478096
503	1.65964422754	2.06399041508
504	1.50323730486	4.08707643628
505	2.40738750501	1.72691541485
506	1.52710799316	1.73673309605
507	2.0698368808	3.85628492673
508	2.37603974396	1.7152363983
509	1.55953579554	3.60602465265
510	3.18808522821	4.19740490455
511	2.20593430484	1.72580702277
512	2.56329422307	2.86827566102
513	1.51686347158	1.39637160969
514	2.36779544784	2.01167701029
515	1.5309152912	2.61958887301
516	1.92219633135	3.86786376544
517	1.56030241619	3.32919922027
518	2.43033346619	2.58159284293
519	2.98704637117	1.65930192468
520	3.37702384667	1.32264726492
521	2.38126285538	3.16787196116
522	1.57103510532	3.27194361205
523	2.05084219023	3.30969816831
524	3.43282395975	2.55526890661
525	2.37385518642	1.94219453795
526	3.28154359314	1.43674671695
527	3.09658635459	2.22532960689
528	2.70678223574	3.73325346365
529	3.25489323588	1.33545836442
530	3.4247457161	1.80722818181
531	3.28248765485	2.11015551373
532	3.32611149812	2.20596076586
533	3.35361230475	1.50179551187
534	2.79622641096	1.31771471048
535	3.63958795806	1.31775422715
536	2.73468449325	1.34196633822
537	3.51794354089	1.45429794852
538	3.38363890127	1.31795269872
539	3.60817051099	1.38390649614
540	3.40718881318	2.69467925329
541	3.63119024465	1.61900716147
542	3.60467172946	1.45673599594
543	3.38983188458	2.0544463635
573	1.41613223294	4.51776382478
574	1.46339203978	4.30154867751
575	1.56106903684	4.36229283755
576	1.5077078315	2.61722683308
577	1.75588921693	4.33816350544
578	3.20353742046	1.94961392739
579	2.32108727922	2.76645794472
580	1.61886835988	4.45575645268
581	1.86262207455	3.44180929604
582	3.18763075197	3.9608742287
583	1.56081349663	1.73740665787
584	2.19282903633	3.42071048072
585	2.41040116843	3.90164562502
586	2.22768542222	3.94404369886
587	1.55825809445	3.21836196053
588	1.51577358057	1.447098915
660	3.3838918674	1.67043160293
661	3.40454114611	3.64538970923
662	1.51832533229	4.15534468793
663	2.37618832251	2.15991063146
664	1.5113401344	4.44233001063
665	3.37822163434	1.76270308161
666	3.61079459713	1.59485397966
667	3.61674617757	2.34376623796
668	3.53441023034	1.64113615673
669	3.55313447504	2.01978153326
670	2.98290026053	3.76728722668
671	3.22457243224	3.45492548431
672	3.39571193323	1.73538757114
673	3.32111781324	2.73300924341
674	3.42189149025	3.24649543065
675	3.38953769935	2.26569696736
676	3.34922233247	1.32031990271
677	3.529602654	1.47461217166
678	3.39407262951	1.82336437143
679	3.2210733585	1.3374698653
680	3.4126843101	1.38274851208
681	2.98187875501	1.53658201254
682	3.62044117148	1.4094242461
683	3.340354863	1.80844159054
684	2.85288262928	1.42227583326
685	3.57818171802	3.12685827816
686	2.86637696352	1.68511594504
733	2.40130761973	2.95317669487
734	3.35397813578	2.94172668112
735	3.39019457575	2.03995154744
736	3.41682754117	4.4661510595
737	2.37513137676	3.65647161108
738	1.3723847571	3.77433833384
739	1.27991256737	4.42285179983
740	2.37606918819	4.52949607999
741	1.66143264278	4.45636742644
827	2.82878075091	1.63184022306
828	2.6350382294	1.52409258033
829	3.26581285913	3.248889097
830	3.21953717979	2.39451290098
831	3.61341868328	1.64133536365
832	3.388723818	1.49720333434
833	3.41038251506	1.78422241144
834	3.38573502968	2.07510199779
835	3.38354982506	2.74658959594
836	2.98197042582	1.58659311061
837	3.44513870792	1.45632832243
838	3.63925204952	2.66287037829
839	3.37969164647	3.24697404549
840	3.52429922595	2.17042474994
841	3.22016303038	1.33765592648
842	3.61298133559	1.33618235854
855	3.3812161035	1.32563145311
856	2.98234407162	1.46528056137
857	3.4252060751	1.6011750473
858	3.38304000744	1.46111767232
859	3.38241389116	2.65607374775
860	3.08768984356	2.02094311184
861	3.50772602276	2.9189467362
862	3.60204764331	1.77457036885
863	3.40058440924	1.50041226305
864	2.99353593564	2.23492543959
865	3.22186989561	3.44231302467
866	3.51886800417	3.90942992515
867	1.69511337822	1.68004862826
1038	1.31624803292	1.68257802337
1039	1.40287542208	4.32553353157
1040	2.41277556992	2.42853041324
1041	2.35157214365	1.92965351414
1042	2.67945118571	2.64014917793
1043	2.7170313795	1.83277190838
1044	3.5202546991	2.8742962071
1045	1.63675251236	3.76457754859
1046	2.41104043037	3.95918877762
1047	1.49625210697	2.61762035837
1048	2.94216471738	3.92280153004
1049	1.52544859013	2.61093848129
1050	1.27861487217	1.40719744561
1051	1.58117531723	2.62155886796
1052	2.37550986309	4.41617016858
1053	1.49876677821	3.44533663988
1054	1.4984873703	2.69265507907
1616	3.27166615551	1.64033992118
1617	3.41139530488	1.4138895398
1618	1.59096908201	2.88896585055
1619	3.21737515049	3.78410158076
1620	3.3663159287	1.44934665513
1621	3.40840135991	1.52898369125
1622	3.00242584581	1.48096698549
1623	3.48629319977	2.84516276269
1624	3.42225977746	1.39899502035
1625	2.3065865343	1.76293429321
1626	3.36714805262	1.46486187437
1627	2.3968120099	3.03760950088
1628	3.41848483359	1.47849812728
1629	3.384758598	2.64929422957
1630	2.88526903146	1.3356987484
1631	1.58832642141	3.10928957842
1632	2.32791115919	2.56955826664
1633	3.07703282968	1.99932116618
1634	3.38001831583	1.9882093834
1635	2.8097470132	3.51751773621
1636	2.34178598502	3.94012424323
1637	3.39716449332	1.58368480833
1638	2.92777293024	1.59319221346
1639	3.38197833201	3.03806144333
1640	3.49011817659	2.21874080526
1641	2.37615728682	1.53824830346
1642	3.00399134508	2.99535360631
1643	3.32352179541	1.52816496619
1644	3.39895162673	2.36632834247
1645	3.37119486748	2.70400952104
1646	3.00495276204	2.08811730396
1647	2.3853505078	2.87558783404
1648	2.32066078673	3.30095360376
1649	1.46554940816	2.89112892425
1650	3.31922418855	2.90153228393
1651	3.37539490377	1.34103676659
1652	3.28739688951	2.89156171663
1653	2.99503814964	2.82137621468
1654	3.30934675092	2.24991411333
1655	2.98720049452	1.40348566198
1656	1.52212978408	4.13791019251
1657	2.27715855196	2.71459449848
1658	1.58963988953	3.04439485482
1659	2.99694144508	3.8833428367
1660	3.42051041323	2.01081142192
1661	3.24739986424	1.49659507043
1662	3.36050766826	1.56620221686
1663	3.39188689121	2.98153187554
1664	2.94016585805	1.68936476245
1665	3.21970786631	1.98849317588
1666	3.63824432391	1.54887885937
1667	3.38314889723	2.8721446798
1668	3.55490568738	3.12778531506
1669	3.00645497603	3.26809171891
1670	3.37190650058	2.92812705574
1671	1.60956860059	2.3610185887
1672	3.00615453323	1.79685397383
1673	2.9993971469	2.76687331935
1674	3.15780206544	3.22549499761
1675	2.98854858517	3.71283879056
1676	3.09719059771	1.44123161581
1677	3.46047460623	1.47719801254
1678	1.41480655185	3.08676141347
1679	3.20899113537	2.23691700158
1680	3.37684339997	1.86304125251
1681	3.22340607432	1.34372347595
1682	3.51343678239	1.632036647
1683	3.51967690954	1.43446766898
1684	3.53769962468	1.59893626623
1685	2.37506104853	1.76966518693
1686	3.08575030468	3.23025775721
1687	3.48964005449	3.71498367708
1688	2.83572433394	1.35970664328
1689	3.00296983956	3.89165429227
1690	3.37352848573	1.35994997998
1691	2.09314854651	2.02036220413
1692	3.26050569626	2.40278798798
1693	3.37871163838	1.3651831531
1694	3.38502724606	2.43400714573
1695	3.00545454473	1.58586461394
1696	3.37044053183	2.90283510198
1697	3.21686309092	1.63914734422
1698	3.22694866471	3.02947989708
1699	3.00915896123	1.73965571275
1700	2.69360476519	2.74824008099
1701	3.36865402306	1.35518449901
1702	2.99029115341	2.73177786338
1703	2.78018623028	1.3564344512
1704	3.26105705583	1.37388153438
1705	3.36490116439	1.42566517218
1706	2.82575300213	1.64915061906
1707	3.3481248394	1.36027525789
1708	3.36840383248	2.19489267552
1709	3.18490389451	2.11571302814
1710	3.12783802622	1.42762278002
1711	2.36858390567	2.72931670203
1712	2.36788527215	3.0258715502
1713	2.99768204628	2.68780310062
1714	3.11164693191	2.7893914799
1715	3.11135780523	1.40069342481
1716	2.28654138691	2.42488665979
1717	3.42179941845	1.52166459613
1718	3.38317611967	1.42578707858
1719	1.94809818213	1.92344079099
1720	3.43253984686	1.32401476179
1721	3.10705302095	1.64935219447
1722	2.97489692163	2.1787540167
1723	2.99776001235	1.86842605156
1724	3.60029825255	1.55799357477
1725	3.36202641829	1.66053002903
1726	3.0863748486	2.00649147371
1727	3.4271985246	3.10560179985
1728	3.09545583761	3.47264510073
1729	2.0068090439	1.35085473555
1730	2.98159678002	1.60548987732
1731	2.40270789165	4.02702249133
1732	3.38412890532	2.33187876764
1733	2.99455744116	1.51700827081
1734	3.21760273252	2.50495110334
1735	3.31739503344	1.4544328923
1736	3.37459399388	1.83152918955
1737	3.2911505116	1.97718766255
1738	3.37773163029	1.62948775434
1739	3.57613631368	1.80625852064
1740	3.63253387879	1.97746914575
1741	3.39365629258	2.30245955813
1742	3.51736575134	1.40897274812
1743	2.36940230494	2.77061435562
1744	3.10673177829	2.9019664974
1745	3.14719784515	2.36455694424
1746	3.21771652354	1.63795689891
1747	2.29165929688	1.32155320241
1748	2.99221398732	1.93345708392
1749	3.60161029562	1.56497522085
1750	3.42152320304	1.89521533863
1751	2.98542398005	3.70694523765
1752	3.49250878711	1.83625939632
1753	3.30064608818	1.35580758032
1754	3.36306330285	1.42971934739
1755	3.28812919178	1.36801813132
1756	3.38307766593	2.27923221297
1757	3.10133258005	1.63262627409
1758	3.32762276827	2.21119296388
1759	3.21862685166	1.34392879835
1760	3.51725019343	2.29354618447
1761	2.62381297671	1.8417631826
1762	3.61506663489	1.32368011699
1763	3.33788058197	2.16882755682
1764	3.00870336947	1.37643980644
1765	1.5500808075	1.55436218843
1766	3.13217492648	2.45088553358
1767	3.42878955677	2.33606652938
1768	3.10297313139	3.57373434723
1769	2.39187420893	1.36142119131
1770	3.3860344766	2.17298333796
1771	3.00284966244	1.34771572924
1772	3.63690068977	2.33222742212
1773	3.22516983507	1.43891676681
1774	3.4266050384	1.4668203064
1775	3.28553948907	1.69876658487
1776	3.22777262043	1.39773116467
1777	2.88931733173	1.36092865589
1778	3.38689003228	1.37708649036
1779	3.42437742889	1.43120958025
1780	3.42753946007	3.59506212282
1781	3.43258505106	1.42774563381
1782	3.408826363	2.46122054459
1783	2.386258875	1.67899723016
1784	3.38441715868	2.61801394287
1785	2.36964183643	2.45125384654
1786	2.3688034762	3.67499947557
1787	3.00005200072	1.54260837122
1788	3.17718591514	1.5559152994
1789	1.51715157499	1.32851865815
1790	3.52210362566	1.86432097903
1791	2.67554674999	1.93128219438
1792	2.80456860502	1.70588195157
1793	3.32870120082	2.33956284417
1794	3.41475263233	2.54144355048
1795	2.92657361465	1.47619012808
1796	3.39740877303	1.53194335843
1797	3.3774761049	2.79903498078
1798	3.45091216418	2.01543405133
1799	3.22206902989	3.86069283386
1800	3.38636114596	1.41261695966
1801	2.98156564287	1.81697690027
1802	3.29105519975	1.47791970639
1803	3.39917268553	1.52441731816
1804	3.58799965884	3.60184537177
1805	2.98932876943	2.46381111459
1806	3.38324461765	1.42179543157
1807	3.52349032058	1.85870125504
1808	3.39569881507	3.48026142668
1809	3.36114830572	3.93676701911
1810	3.28251816925	2.85669762431
1811	3.34688744277	2.09055083558
1812	3.3990816131	2.30624265054
1813	3.41563060775	1.33709934167
1814	3.22184144786	4.34237929954
1815	3.23038826289	3.26087963338
1816	2.77134776338	1.35092903837
1817	3.37506755306	3.59245584547
1818	2.17216802442	3.52110683849
1819	3.38592558681	1.62151448708
1820	3.56350871872	2.08265571349
1821	3.46334333885	1.38255634371
1822	3.44131429993	1.32623532818
1823	3.52656629	1.33929077975
1824	3.08665080488	1.57935077682
1825	3.2246577755	3.87338667606
1826	3.38061720966	1.33802964757
1827	2.51355679086	1.51876860116
1896	3.20580980168	1.36003121064
1897	2.33259292691	1.51812765206
1898	2.38080867178	3.66652059439
1899	2.39231640006	1.52702123802
1900	3.10652339185	3.67075814018
1901	2.95615673265	1.35930226636
1902	2.38451783786	1.70350299798
1903	2.995398681	1.49447360753
1904	3.32105334367	2.68457318529
1905	3.21308142156	1.86023106485
1906	1.93083028161	3.98960843245
1907	2.0266671295	3.97944936272
1908	2.36827451082	3.58933026665
1909	2.65846484372	1.72182712279
1910	2.18847934961	2.12470715455
1911	2.99685958835	1.464304454
1912	3.10171514802	1.33865725304
1913	1.62673738697	4.08420192153
1914	1.51079053004	2.44867689925
1915	3.33422326051	1.44670403134
1916	2.61405188741	2.08629464216
1917	3.39447741652	2.8626956576
1918	1.5974073769	3.09547994886
1919	1.53883703794	2.95582469011
1920	1.62387592257	1.45067684887
1921	3.22061819444	4.15650888242
1922	1.53653717598	3.91834047912
1923	2.36787529167	4.02759135463
1924	2.26180482204	4.30633806915
1925	1.48004644788	2.37094090571
1926	1.54522554337	2.14662228552
1927	2.14149866796	1.35004131257
1928	2.37982460731	1.4018698709
1929	2.37649392756	3.19232285211
1930	2.71410305271	3.09410191691
1931	3.09049591241	1.42651976042
1932	2.99735072871	1.70242402393
1933	2.79393495658	2.25560770607
1934	1.57026848467	1.74462447621
1935	1.87988997507	4.47656277868
1936	2.37702380843	3.11344285904
1937	2.40848338262	3.71927629231
1938	2.20550781234	1.83925790882
1939	1.50910487108	2.1203589452
1940	2.47957393329	3.44584078299
1941	2.36786531119	4.3243320388
1942	2.18521708457	3.96143616415
1943	1.27472178657	3.65699997203
1944	2.37621810609	4.48944793985
1945	1.55289174989	4.36289728471
1946	3.07126293708	4.35927148996
1947	1.44541396999	4.2056193794
1948	1.30197338574	2.37378438
1949	1.51051396287	4.05897002268
1950	2.39467475276	2.85028403875
1951	2.87244941393	3.34192570821
1952	2.39924406112	2.98821270431
1953	3.39826196124	1.85361728423
1954	2.98218838587	1.78020826569
1955	1.51022250274	4.49190521688
1956	3.19217551439	1.4026222488
1957	2.62088464992	1.68278919117
1958	1.53858149772	2.40639562192
1959	3.21262694532	2.81166053399
1960	1.68765796281	4.07788319979
1961	3.2071732304	2.95361787938
1962	3.04305457327	3.8195174754
1963	3.26625514195	1.48009366976
1964	2.33733773109	3.48890936849
1965	1.52821426185	4.13849048378
1966	2.19228532549	1.75441889945
1967	1.52987366488	2.62353034322
2920	3.02574489547	1.85641053717
2921	1.37636180036	4.07042485666
2922	1.44038011045	4.4362365564
2923	2.40583501173	3.96762136213
2924	2.36945220733	2.56684865691
2925	1.50966368691	3.96818400813
2926	1.50016381779	2.37414008074
2927	1.50854605525	4.48699161022
2928	1.27731717697	2.49892208305
2929	1.64176007505	4.48760560381
2930	2.70971056253	3.89553753089
4204	2.22811191472	1.44604707616
4205	3.12552501275	3.56958443566
4206	3.22036216465	4.42954059577
4207	2.48997684887	3.54167165394
4208	2.01285280908	2.1968408941
4209	2.99227561161	4.18101167886
4210	3.37944664445	2.91720106453
4211	3.35314220723	3.55560646191
4212	2.9812339638	1.47734223289
4213	3.16192628878	1.67731807224
4214	3.50513768701	2.11354949286
4215	2.97559828801	1.71174313537
4216	3.50207122916	1.85083119598
4217	2.99751444217	2.26805879632
4218	3.28942404313	2.92637641022
4219	2.92617384278	2.32248747903
4220	3.45999648413	4.26107427224
4221	2.89673921556	3.41470278972
4222	2.99708116068	3.56284891183
4223	3.22357676085	1.71239696753
4224	3.09466305706	1.70696464959
4225	3.35139087318	3.20745051277
4226	3.34013229717	4.32313078288
4227	3.38235944627	2.37271763305
4228	2.85220791257	4.42589127344
4229	3.12060985912	1.91111029679
4230	3.4316875082	1.44683560001
4231	1.68144511664	3.42923597214
4232	3.34467103417	3.26232098467
4233	1.5141093361	3.03038257592
4234	2.84006301175	3.01911611392
4235	3.39249646734	2.44059681078
4236	3.37953540151	3.55612339488
4237	2.34000668345	2.84260532213
4238	3.47720887982	2.4100091771
4239	2.09487533656	2.53036226565
4240	2.25626041957	1.65889303027
4241	3.00127047147	2.98865856659
4242	3.24605798387	2.60662403247
4243	3.5859542545	1.32857179728
4244	3.2214431793	3.03941762593
4245	3.22499914854	1.69171170772
4246	3.30642010273	2.18325558595
4247	2.06033953552	3.72733515999
4248	1.65678276314	1.45014406083
4249	3.22571273113	3.80586637131
4250	2.40049693599	2.94216632611
4251	3.38431210042	2.47421260287
4252	2.98722663685	4.02190538626
4253	3.22235350743	1.38517060088
4254	3.51285899284	1.46864924219
4255	2.36953205116	2.32318164973
4256	3.3802905403	2.79567716687
4257	2.55841367842	2.49253285805
4258	3.21728980723	2.36810122101
4259	3.33337715156	3.25751855282
4260	1.90233824575	2.42962469392
4261	3.35800227704	2.49290822111
4262	2.36961189499	2.95450042604
4263	3.10155259701	1.89416325393
4264	3.38467335425	2.00591648722
4265	3.37811274455	1.87022678738
4266	3.10620284226	2.58548710283
4267	2.99628659126	1.81331002853
4268	2.98908938221	1.475902694
4269	3.29124542821	1.48758479956
4270	1.87470960492	1.65971105595
4271	2.09228515148	1.32793803567
4272	2.60770717937	2.65887028789
4273	3.40381737941	2.45974138732
4274	3.22346296983	2.35783913137
4275	2.72420927321	1.56884126405
4276	2.83539368713	1.4669606385
4277	1.61707994463	1.36291158743
4278	3.05170941216	1.58951657124
4279	1.56617984119	2.18744600629
4280	3.09292712584	1.35394970518
4281	1.49206098824	1.80118334277
4282	3.00188824548	1.3691526454
4283	3.57695447542	3.96031235246
4284	3.44219685562	2.44463327267
4285	3.39748070058	2.95803298116
4286	3.408188856	1.36689362411
4287	2.45876810212	3.15103821357
4288	3.31666337139	1.84729562763
4289	2.99906408316	3.05164725034
4290	2.92577407092	1.39440256833
4291	2.69311671072	2.97264482817
4292	3.28855072871	1.55539706283
4293	3.42143113124	2.35995823668
4294	2.36728930752	1.63125130651
4295	2.98181474007	1.39752135103
4301	2.46709043459	4.02588494239
4302	3.42631093672	1.32543205621
4303	3.42078662863	1.31976307936
4304	3.53314507868	1.41692593764
4305	3.28190942416	1.39731177424
4306	3.34483236019	3.37144729429
4307	3.38527224809	2.18422171784
4308	3.38535391543	1.69064402623
4309	3.31936647919	1.61766120792
4310	3.45617150731	3.4919656689
4311	3.40218766426	1.84830460577
4312	3.01225823374	3.38579247439
4313	3.37165631	1.45201296384
4314	3.62380025684	1.38159905459
4315	3.36605055955	2.14725269541
4316	3.40365859042	1.3355183716
4317	3.21709067295	1.43183302713
4318	3.62715934221	1.31984809316
4521	2.40647427367	4.24745717501
4522	3.32251666776	2.51553836364
4523	3.22334917882	4.14371576976
4524	3.3058254936	4.06526725036
4525	2.3869401504	2.44500057902
4526	3.36164868688	3.91165614255
4527	2.33644808031	4.4185990237
4528	3.12697064617	2.01225436527
4529	3.33258575488	2.29902660051
4530	1.91615256617	4.23859333494
4531	1.48311993495	3.89331818212
4532	2.98614504277	2.66407156004
4533	2.63259795708	3.80804806105
4534	3.38454848149	3.46402937041
4535	3.55186932337	3.57477241725
4536	2.99119248181	4.42102882621
4537	3.45378089679	4.16000288698
4538	1.91528917114	4.3321459755
4956	3.51470791941	1.41739662851
4957	2.7792041784	1.62539145116
4958	3.08965098722	1.92128735694
4959	3.35459822787	2.02239641735
4960	3.21805789659	3.01102717644
4961	2.57354336683	2.8256101937
4962	1.47473769749	1.62890096944
4963	3.39297976036	2.65487611873
4964	3.57940896062	3.2031893424
4965	3.38397066109	1.80528980688
4966	3.3856261399	4.0139549782
4967	3.37388365511	1.47980303822
4968	2.98175857789	4.23918384312
4969	3.18089771614	2.59369231986
4970	2.79589906034	1.34664648439
4971	3.11771859228	2.33257613581
4972	3.21646482237	1.31989068887
4973	3.26727618323	2.69548933746
4974	2.42825288308	3.45694691216
4975	3.5145923615	4.02986739992
4976	3.3825500034	2.97308861802
4977	3.25352980716	1.63716445295
4978	1.65570971399	2.8803283588
4979	3.00381741018	2.53265085962
4980	1.58102937633	3.8107765055
4981	3.20444637295	1.88239258262
4982	3.10947320748	1.32804307049
4983	3.55111023237	1.51271783589
4984	3.38277143905	1.54143056921
4985	2.99063847707	1.82533780004
4986	3.42672233805	1.47662172329
4987	3.25447209741	1.58531886317
4988	3.21990700059	1.36603542799
4989	3.38244111361	3.46048669059
4990	3.43248874301	3.42221373575
4991	3.05876150312	4.30753600918
4992	2.20891975232	2.16691287909
4993	3.32061743208	1.59429952468
4994	2.07588064598	3.31456454946
4995	3.38428583586	1.35190036332
4996	3.53516932135	1.41834085244
4997	2.97094829166	1.60643202871
4998	3.40317987241	3.87393929279
4999	2.79328025533	3.82389364474
5000	2.02148675934	1.82385737331
5001	1.4839581587	3.49451421425
5002	3.10615352492	1.91137701873
5003	2.61502799634	1.421555586
5004	3.37816718944	1.57469406403
5005	1.74854839737	2.59879142704
5006	3.05683820558	1.7509898056
5007	2.36806492077	2.80281705118
5008	1.63818324456	4.02247371664
5009	3.38483668894	3.06073406118
5010	1.94464460203	4.26166703049
5011	2.97935503549	2.85798194015
5012	2.51008915233	1.50737646915
5013	3.38031776275	1.50753259116
5014	3.00439040727	1.64553238698
5015	2.21105221481	4.39193372422
5016	1.53602609555	3.33653653983
5017	3.44925730115	3.17256162098
5018	2.59160138203	4.31173066448
5019	2.33941358293	1.75327438786
5020	1.66322105803	3.21741189552
5021	1.73720349442	2.39846664327
5022	2.42062407832	3.24793145282
5023	2.36817470603	2.03026984681
5024	3.51956135163	1.53691479702
5025	2.38111146085	1.34123498351
5026	3.35934601617	1.40863474636
5027	3.11020129849	2.94832757327
5028	1.60599177009	2.840901546
5029	3.41841682796	1.53293417745
5030	3.31834239	1.86585860486
5031	2.52665178809	1.60662063662
5032	3.39303541725	1.38536596672
5033	3.21822858311	1.38179003872
5034	3.38355723393	1.78304000397
5035	2.68677200268	3.09318352501
5036	2.4310269939	1.35364337521
5037	3.37189185873	1.59577925554
5038	3.15945175477	1.33356939893
5039	2.79688111221	1.32227878783
5040	2.35928245045	4.35806336541
5041	3.40327148603	2.64332651271
5042	3.42856226646	1.46766318715
5043	3.57899987975	1.51525510516
5044	3.42975554058	4.15010874374
5045	1.97918040307	3.90776088384
5046	1.98781435333	3.42722843464
5047	3.00933922691	1.58151352929
5048	3.38868440514	2.91458433338
5049	3.38926276791	2.67410213234
5050	3.1106905365	1.5844104628
5051	3.11077955186	1.32260099805
5052	2.90858388072	1.86611508307
5053	3.37554111223	1.34025217211
5054	2.31170444427	1.82237907821
5055	3.30366740801	1.85921095479
5056	2.99684080644	1.36183326583
5057	1.58409413526	1.87048427221
5058	1.51162023156	1.77503889092
5059	2.77429391901	2.67852730819
5060	2.72257252008	2.26434865348
5061	2.63015768475	1.34468620648
5062	3.22218282091	2.42197592031
5063	3.00094730199	1.96821146448
5064	3.39899054067	2.5882166079
5065	2.93976608619	2.81461416439
5066	3.52418366804	1.89179952728
5067	3.15012726283	1.41751444926
5068	2.99538616726	1.49903381042
5069	3.06453139572	1.32214158593
5070	2.9978022234	3.7868169985
5071	2.80551013378	1.45850873925
5072	3.38326151787	1.32425557016
5073	3.4198387781	1.34447893008
5074	3.50830120848	2.00850579159
5075	3.41366088826	1.99304190832
5076	3.22164231358	1.92884095555
5077	3.52479507766	1.96207550042
5078	2.91697908989	2.57343417073
5079	3.33612924792	3.24553837859
5080	2.95735604825	1.67438866456
5081	3.10991217181	2.16723184402
5082	1.57793469118	4.45514553813
5083	3.22354831309	1.63321643409
5084	1.58876424412	2.45457132777
5085	1.44181835603	2.58626666536
5086	2.99125221764	2.77936209211
5087	2.38270110345	2.41689124492
5088	2.13372811273	2.79274218834
5089	2.99284860871	3.15944549497
5090	3.09626580501	2.08144463206
5091	2.36815474508	1.74281433724
5092	1.62566433782	3.19090787168
5093	2.40455648785	3.46656163237
5094	3.23298325293	2.52350927359
5095	2.26564325452	1.57398119941
5096	2.37626683576	1.62792417885
5097	2.80150863655	1.3450328514
5098	2.48165451641	1.37932571933
5099	1.50714901567	1.42481348535
5100	2.21574363228	2.22631996996
5101	2.83407109988	1.34311070623
5102	2.73337509074	1.40229944585
5103	2.996900895	1.88813215233
5104	3.09883020172	1.51605111045
5105	1.68890053204	2.86956480104
5106	1.48982572492	2.15135613287
5107	1.55238066946	1.75396091718
5108	2.80857010225	2.76936681062
5109	2.3768724139	1.6104052295
5110	3.0735067842	2.40531271001
5111	1.62244519037	4.08190337556
5112	3.03536138314	2.95891671206
5113	2.39570653207	1.55747320656
5114	3.45760587361	1.67188698082
5115	2.39106352519	4.31472862321
5116	2.99931529017	1.31884355966
5117	3.38391112574	1.44408509248
5118	2.00939922898	1.39153978487
5119	3.25460816989	1.40908553379
5120	1.5873048351	1.33333754153
5121	1.69759851669	1.94521204148
5122	3.40099413411	1.45322052997
5123	2.40400854905	1.41633890633
5124	2.40346061024	4.01452247961
5125	2.65992900711	1.52085822869
5126	2.17434286778	1.34270485763
5127	2.37286857196	1.55453451947
5128	3.16522566745	3.66757962556
5129	3.00831772139	2.74205564708
5130	3.22015103001	2.50231154178
5131	2.55792562395	1.36715223759
5132	2.45807457442	1.98452546957
5133	2.33132309917	1.89626837073
5134	3.3881848681	1.41146771105
5135	3.41747204378	2.2342620593
5136	3.21820013536	2.69589446837
5137	2.11646021221	1.66897912643
5138	3.38838237101	1.58604664929
5139	3.30000320157	1.32608356005
5140	2.36927255871	1.37848201163
5141	3.37838246729	1.73158682656
5142	3.2339855601	1.96905040731
5143	3.08344382145	2.81630325587
5144	2.38012739638	1.60342235495
5145	3.2937402143	1.363496367
5146	2.61942048653	1.51541418779
5147	2.3703472239	2.6700854625
5148	2.98785534833	3.24601687501
5149	3.21859840391	1.48272001187
5150	2.99055662034	2.51288719646
5151	3.3216181944	1.82632593545
5152	2.14495224807	2.71337111211
5153	3.30678593376	1.48184243286
5154	2.99276675198	1.64733910492
5155	3.30741362518	1.49949276172
5156	3.37755373873	1.65420776803
5157	3.42305814242	2.40856304448
5158	2.53173020212	2.37556347583
5159	2.08537799127	1.32862499563
5160	3.22192679112	2.78646271866
5161	2.39666461285	2.78855439491
5162	2.67896313124	2.7375288629
5163	3.00363081372	1.7795016634
5164	3.27777038096	3.28158992436
5165	3.42208102359	3.55664038707
5166	3.0041115222	3.20366256893
5167	3.08554249694	1.59670601173
5168	2.52778032454	3.08951232589
5169	2.38444214059	2.87300511308
5170	3.22098801524	3.81623783532
5171	2.50037976446	1.35938302332
5172	2.36780542832	3.59975715242
5173	2.68970032947	3.94236357689
5174	2.99415831635	1.61612652804
5175	2.71962636445	1.32019051683
5176	2.75203407643	1.51335073211
5177	2.98351694178	1.5404233339
5178	2.98091079433	1.97493792865
5179	3.32763830209	1.49311593843
5180	2.07156367085	2.58276049917
5181	1.54880310641	1.58823569202
5182	2.46570337918	2.87515723251
5183	3.21726135948	1.541598649
5184	2.40775279755	2.45014908529
5185	3.2326949207	3.49502410095
5186	1.51300306741	1.37397235744
5187	2.99505874035	1.92505835344
5188	3.51274343493	1.58459202445
5189	3.37315745347	3.47721329757
5190	3.00512711782	2.83282154728
5191	3.22215437315	2.67611268772
5192	1.93255707166	1.40037381933
5193	2.41195366171	1.92155632896
5194	3.08486953692	2.31313935619
5195	2.80621628035	3.44785794756
5196	3.27575090611	1.86714158805
5197	2.98674592837	1.35785876639
5198	2.99464945671	1.32528313026
5199	2.39821228181	1.50504174434
5200	3.40131724836	2.71377884835
5201	2.98097742661	1.55470690971
5202	3.39935483039	1.90764829983
5203	3.40807136888	1.6853278234
5204	3.39471013651	2.16978569506
5205	3.27678778984	1.46180778639
5206	3.39836325627	1.31946739626
5207	3.36004300742	1.62093498529
5208	3.3341277233	1.45510849935
5209	2.98824814237	2.15325340218
5210	2.40391722591	1.32959269119
5211	3.37483050411	2.355369536
5212	2.97963114468	1.35946383949
5213	2.78967939844	2.78688093549
5214	2.10696286692	4.03043655927
5215	1.91269898606	4.24804857138
5216	3.37802729791	3.67181811875
5217	3.44043174424	1.42627529629
5218	3.54022992802	1.47133596024
5219	3.60860785868	2.4223395555
5220	3.3910086255	2.08538411063
5221	3.08685861261	1.37662427721
5222	1.59007771223	3.64012179101
5223	3.61166929252	1.32132956562
5224	3.43543059532	1.35152559255
5225	3.38186944222	1.41645619417
5226	3.62514389099	3.27869354375
5227	3.36422140443	2.01572346897
5228	3.4191293362	2.05533841977
5229	3.09850965213	1.48684356565
5230	3.00567382475	1.92721841927
5231	3.00660053891	2.36314089148
5232	2.38792421487	2.2399083414
5233	2.3676257797	2.2419052325
5234	2.23322982469	4.17808920215
5235	3.03664358149	4.26700451933
5236	2.79131615157	1.88005283695
5237	3.37784052008	1.40919837868
5238	3.03375863519	3.72464739045
5239	3.38370801546	1.62441998968
5240	2.91657931802	2.01630248189
5241	1.64819836995	2.10246857033
5242	3.23625970993	2.11447636699
5243	3.35324647373	2.47570280479
5244	3.38486365626	2.74989151344
5245	2.36863380806	2.94040810143
5246	3.33458909154	3.94516407624
5247	3.00056629716	1.35487437946
5248	3.21768807578	2.22433977673
5249	1.79614065755	1.87203042461
5250	3.21723291172	1.50071923719
5251	2.75727168645	2.70482232898
5252	2.99268489525	1.96653517754
5253	2.13459150776	3.42973800454
5254	2.75694433583	2.9373334879
5255	3.2170622252	2.37591947264
5256	3.39571558919	1.33521892785
5257	3.44749218977	1.32752026492
5258	3.55895417272	1.95707648262
5259	3.42805086326	1.62558592109
5260	3.38211444425	1.63974336625
5261	3.09935242744	1.48625164435
5262	3.40101092334	2.45346496779
5263	3.51817465671	1.48477598595
5264	3.48868381029	1.34814715755
5265	3.37737773848	1.33462448127
5266	2.23706825717	1.99190330411
5267	3.21868374717	1.37288638881
5268	3.44366778177	1.34742929461
5269	3.60510907715	1.80287216733
5270	3.58840873971	1.56637773885
5271	2.7929529047	1.36450559647
5272	2.10005570671	3.13985834805
5273	3.10037099124	1.5339271281
5274	3.08996243061	3.31943685183
5275	1.71934347829	3.64380871203
5276	3.22511293956	1.96124099851
5277	2.74123150577	3.07395200723
5278	3.37806447536	1.3731570816
5279	3.05299161052	3.67552990894
5280	3.38358445638	4.21090624171
5281	1.99558490856	3.82115809481
5282	3.22118714952	3.49247525955
5283	2.99371620132	2.1877687608
5284	3.23240658848	1.55315752912
5285	3.11133163568	1.67606119071
5286	1.70816035518	2.90979246523
5287	1.49178158033	1.67522445394
5288	2.87514828078	1.39174272989
5289	3.38426501755	1.54328270362
5290	2.98851020215	3.22930473159
5291	2.18412966289	1.43021514428
5292	1.5516140488	1.92748869395
5293	2.27502608947	1.40122728485
5294	2.40884867515	2.42415861964
5295	3.21399037404	3.80859363151
5296	2.38875688481	1.54345143475
5297	1.55135850859	1.37225684474
5298	2.4097619065	1.88970246335
5299	2.28910034189	1.90075432655
5300	3.37447560408	1.33796721269
5301	2.36767568209	1.34671735289
5302	3.41102701767	2.01427697288
5303	3.23807761491	1.69790849789
5304	2.40042323747	1.61249685128
5305	2.99137518761	3.74133542413
5306	2.38905967388	3.38430618096
5307	3.35389277896	1.4463096806
5308	2.92897224584	1.37717911062
5309	3.09140806403	1.56708041895
5310	1.43196804587	1.52506731135
5311	3.62480798245	1.51989254175
5312	3.22762466132	1.68851310417
5313	2.96535148555	1.32344286136
5314	2.08192441117	1.79565477606
5315	3.00158780268	1.71676946742
5316	3.0937210775	2.77644327855
5317	3.22343452208	2.51061707673
5318	1.61028396669	1.54768746362
5319	3.23148042118	2.77436018808
5320	3.39071444027	1.49766015399
5321	3.40181378597	1.34143373334
5322	3.3820327769	2.47868605084
5323	3.36910389372	1.61785330936
5324	3.37724162625	1.5933766173
5325	3.38274056052	1.33046440495
5326	2.93536859567	1.37127342321
5327	2.80015461848	2.93777254077
5328	2.98302043765	1.56147631501
5329	2.98884902797	1.89206192672
5330	3.49633376393	2.81841595249
5331	3.13987430093	1.34778748592
5332	3.4321989114	2.24024100855
5333	3.4227806304	1.50612962464
5334	2.598922199	2.78981011121
5335	3.39110067811	2.21611191639
5336	3.38015442807	1.56042900602
5337	2.73304774012	4.39556315121
5338	2.41295821619	2.42525076868
5339	2.72682807822	2.57653915729
5340	2.12336737242	4.33996991907
5341	1.48479638244	1.67627052293
5342	2.39135831927	2.91981992731
5343	3.33971072586	3.99865482241
5344	3.35814601879	1.3463636025
5345	3.21677774766	1.5245797759
5346	1.62852580222	4.3123301378
5347	1.53500393468	1.39626744302
5348	1.50826664733	3.83101300239
5349	3.10107404884	1.50272034231
5350	1.52876739619	4.4796283057
5351	2.24389213713	2.60192418909
5352	3.09818910254	2.30039907301
5353	1.55212512924	1.3510034004
5354	2.80715780911	3.82170508637
5355	2.39084242962	3.64908077511
5356	3.25703291457	2.15167219639
5357	3.4302101212	4.52208374768
5358	1.41745791403	4.50359022066
5359	3.51060195136	1.31759651572
5360	3.3309307813	2.0865982711
5361	2.81115930634	3.42773023019
5362	3.51944579372	1.41470309391
5363	1.60563408704	2.18454388023
5364	3.02253939958	2.22071495883
5365	3.37065554769	1.90791425201
5366	3.38349789895	2.47607550331
5367	3.34338477468	2.35466447023
5368	3.0020084226	2.37627552865
5369	3.33587905734	3.26472442105
5370	2.15444959335	1.90818026341
5371	1.65892886144	1.58332233637
5372	3.00152542181	2.93294621591
5373	3.00837780995	1.33468365947
5374	3.45951836202	1.49191314788
5375	2.07847083106	1.56165107375
5376	2.85760564627	2.08690195925
5377	3.09834710445	2.38519617305
5378	2.98999071061	1.85108418067
5379	3.40071673811	1.33247651403
5380	2.1705368919	1.32464394259
5381	3.10210575134	2.50080452355
5382	2.36872363237	3.1310318094
5383	2.92857247397	4.01111835934
5384	1.74387696674	1.38313355937
5385	3.23730823632	1.55886203937
5386	3.2187091075	2.32978808424
5387	3.08497078919	1.82657311733
5388	3.14939490841	1.77129734617
5389	2.40108652417	3.47772117105
5390	3.21767916285	1.50287468796
5391	3.62447207392	1.65359895614
5392	3.42873273419	1.3864447125
5393	3.41777948148	1.32430390947
5394	3.27203198653	1.35533991407
5395	2.98320070333	1.82459732022
5396	3.15326541976	1.64213278344
5397	2.93057133329	2.64770153573
5398	3.40336440519	2.05385195537
5399	3.44631544885	2.45752422642
5400	2.89134148187	3.25991902859
5401	3.10846653839	1.44278450489
5402	2.00249206877	2.88162247265
5403	3.43015329862	3.89387293049
5404	3.3429445657	1.47922248568
5405	2.15803154258	1.6222879851
5406	3.00463597745	1.46263787729
5407	2.36862382758	2.65927003047
5408	2.36811482316	1.41010326944
5409	1.74788105014	1.47504181286
5410	3.08953426364	1.50956756573
5411	3.27825111393	1.45268324179
5412	2.98608150598	3.42522184453
5413	3.38050831988	1.87927398755
5414	3.42958507285	1.74371893303
5415	3.18853970445	4.22267199618
5416	2.689212275	1.41412168777
5417	3.33129661233	2.79106636042
5418	2.60233858026	3.38678363273
5419	2.60477885258	2.21348681711
5420	3.00373555345	4.11070329437
5421	2.69116449286	2.65088787079
5422	3.12754889954	1.32406280504
5423	3.43151704047	1.56655332005
5424	1.71375191673	4.04753887362
5425	1.943781207	3.53446319189
5426	2.39710680398	1.32659152626
5427	3.39618737448	1.83700822508
5428	2.15358619833	2.71051861633
5429	2.36843419849	1.55075691471
5430	2.36939232446	2.71092593809
5431	3.26525348455	2.54297591157
5432	3.37290726289	1.567256237
5433	3.51933023581	1.88057236595
5434	3.00987480801	1.45214690101
5435	3.37956636524	1.35371986888
5436	3.41480196153	1.97803228977
5437	3.18399494203	2.47458506453
5438	3.09643727436	2.92462671211
5439	3.40172271354	1.42873059581
5440	3.22736064257	4.15767331376
5441	2.38868118754	3.73863995699
5442	3.46860268197	3.83265735217
5443	3.42621886492	3.07030070345
5444	2.98620513133	2.59918408054
5445	3.42133905944	2.10369599435
5446	3.37966442402	1.47748651244
5447	2.38497202146	1.85666482453
5448	3.45043404207	3.03444756173
5449	2.44975224195	2.27719588647
5450	3.4012673514	3.92391740729
5451	3.60991990175	3.26905433692
5452	3.64193931782	1.73606006714
5453	3.63219797026	2.29559956412
5454	3.63522114709	2.51667546633
5455	3.39543871594	2.55026756466
5456	2.9926946958	3.07897873762
5457	2.98446256309	4.24864002696
5458	3.22921454294	2.41073259868
5459	3.37341009594	1.92263280913
5460	3.40654955228	2.82645770006
5461	3.59822668053	1.47864288054
5462	3.42345671087	3.175847906
5463	3.00095242472	1.85387092025
5464	3.45904023992	1.95237280369
5793	2.71605527057	3.42020951413
5794	2.94376380484	1.81820215146
5795	3.20081056301	1.94768623712
5796	2.37526503154	2.20302431585
5797	2.98286208796	1.40577015174
5798	2.34712388973	2.86698707257
5799	2.36903302722	1.40337752809
5800	3.15573995377	1.37745732669
5801	1.63281799881	1.60907792783
5802	3.22398885138	2.4712350412
5803	3.22093111973	1.78706622903
5804	1.69697723207	3.55922623617
5805	2.38406365426	2.40350904107
5806	3.22260953721	1.40500575375
5807	2.3057335493	1.86739836233
5808	2.39629612024	4.29377399858
5809	2.83704692118	2.01109989216
5810	2.99489502689	2.94084756878
5811	3.00504526109	1.61478679179
5812	1.7162370552	2.41725405114
5813	2.9966958749	2.50910484782
5814	3.21791565782	3.58256549194
5815	3.15285299743	1.3772717901
5816	2.97334692284	1.54853816453
5817	3.3836029572	2.71133331906
5818	3.37636984079	3.62855321368
5819	3.40809778357	1.81893801272
5820	3.51759686716	1.32232464023
5821	2.80362707626	1.59596448835
5822	3.51261510139	1.84276695005
5823	3.37939219955	1.43208282037
5824	3.09082103672	1.57060803038
5825	3.26910533834	1.4671010298
5826	3.00611801365	1.58841849713
5827	2.78149563279	2.46603391243
5828	2.22171452725	1.83551110047
5829	1.97831700804	1.47147775288
5830	3.00799210328	2.29388826638
5831	2.36974164122	1.65603740114
5832	3.55465265704	1.32578162251
5833	3.00266939676	2.01804094175
5834	2.47749335017	3.27387097972
5835	2.54245129841	1.99617795491
5836	2.47125160082	1.77761999596
5837	1.96622947768	1.78327636704
5838	3.10972888774	1.67251160239
5839	2.40327796398	3.0762359965
5840	2.99129333089	2.50306540616
5841	3.20671875416	2.16627512688
5842	2.41576938438	1.44045836874
5843	3.10023249527	2.4578936052
5844	1.56158011728	3.29513455227
5845	1.58088343543	2.13750795812
5846	1.67738790726	1.37351883429
5847	2.98490850615	1.33660862605
5848	3.37977331381	1.83501253264
5849	1.5442033825	1.87074181624
5850	3.33788157075	3.89609251611
5851	2.33318602743	1.42885398251
5852	2.1527228033	3.14684176717
5853	3.29837182022	1.46208424651
5854	2.40419119532	1.5041115848
5855	1.80304781775	2.20628733414
5856	1.58292660805	4.23210165291
5857	2.37023760007	1.5562610865
5858	2.60429079812	1.8849979252
5859	2.31127795178	1.33636468934
5860	3.40992215605	1.32513473723
5861	3.32962429289	1.36767106328
5862	2.36983146553	1.61593495951
5863	3.06004370147	3.95638087672
5864	3.39718651535	1.39235298602
5865	2.27076116449	1.33008207296
5866	2.82745816366	2.18036038773
5867	2.97770238714	2.54681095917
5868	2.39275859119	1.33734612057
5869	2.31639586175	4.1182155207
5870	2.41350615499	2.4906569309
5871	2.60185052579	1.56585135051
5872	3.22388968614	2.11664114573
5873	2.26734922451	1.79015753266
5874	3.06645469325	1.66608287765
5875	2.1596626751	3.16131638507
5876	3.38265743291	1.49538138482
5877	3.0853346892	1.41657354122
5878	2.36932246111	1.68702498187
5879	2.18141110869	1.9237102367
5880	1.54497000315	2.835795902
5881	2.1060994719	1.37297656053
5882	3.08762057432	2.01023465906
5883	2.5808641838	3.69732865926
5884	2.38951385748	2.91763739363
5885	1.59066147584	2.07630810539
5886	2.39835967886	3.31505151324
5887	3.09722745377	1.33068418303
5888	2.06379311562	3.85133056094
5889	3.37040535711	1.85946589349
5890	3.2812233179	1.60042783955
5891	3.23211825625	1.84025930779
5892	2.36871365189	1.52832859278
5893	3.380276704	1.54210324366
5894	3.10355138476	1.47532853639
5895	2.8217515049	1.64874764588
5896	2.27545258197	1.38753062297
5897	2.36832441322	3.20555606715
6167	2.95695627638	1.91618813904
6168	1.74521166121	4.18510563318
6169	1.89456769052	4.480854931
6170	2.36982148505	2.48953208516
6171	3.002671416	2.85841016386
6172	2.27929101445	3.73002440983
6173	2.2682022095	1.91164379989
6174	2.22043504976	2.18615558036
6175	2.24090668965	2.63856193163
6176	2.65944095265	1.8899643891
6177	3.35873393908	2.52579147263
6178	1.598122743	2.41290428452
6179	2.37538992002	3.03986980522
6180	3.41655132576	1.39481532698
6181	2.43241404931	1.63459554653
6182	1.84276398895	1.56235070084
6183	3.40764242143	1.43560479487
6184	2.72813748073	1.95874069024
6185	3.09957244439	1.48492328534
6186	3.25307533091	2.30658692331
6187	3.24807609224	2.80155582814
6188	2.36893322243	2.03612984656
6189	2.83871357833	2.44683799898
6190	3.09199108623	2.84601571658
6191	3.26534618947	3.08997101854
6192	3.26898199941	1.58915030969
6193	2.64431126423	2.45641644533
6194	2.99456759998	3.75970385841
6195	3.09632321766	1.60832077241
6196	3.22386123839	2.08295863188
6197	2.3692326368	2.4582630432
6198	2.99448574326	1.67459752309
6199	3.22171647017	1.51382602601
6200	3.00881067055	3.9952606498
6201	2.36760581874	1.67022392865
6202	3.00643682546	1.64894910287
6203	2.36931248063	4.1757522866
6204	2.40300399457	2.48017909496
6205	1.47445828957	3.52829374726
6206	3.24853056849	1.32010455564
6207	2.3764861583	2.46640458598
6208	2.45252635277	1.81771187334
6209	3.21891509643	1.36332899106
6210	2.99481317016	1.58622874385
6211	3.26307380825	2.47309557315
6212	2.37481827785	4.00828322079
6213	3.36283097243	1.81648721427
6214	2.81186545292	2.45863254041
6215	2.9857583365	1.34894364581
6216	2.40382590278	3.97719439701
6217	3.06164644942	1.34678828061
6218	3.37015516653	1.66299263264
6219	2.38747003127	2.53417777318
6220	3.0878976513	1.33666975826
6221	2.36967177787	1.32778092755
6222	3.35189125434	2.15198831912
6223	2.20081639486	1.48877385285
6224	3.2436515453	1.34090491804
6225	3.22232505968	1.57415932675
6226	3.00791024655	1.58296010125
6227	2.36783536975	1.47261422564
6228	2.66627371515	1.34785930182
6229	3.41059987729	1.33673094968
6230	2.39703310546	2.82391589155
6231	3.37707829157	1.76710622729
6232	2.97551061721	3.03580232323
6233	2.7353391945	1.6441304778
6234	2.1623812293	1.35502932081
6235	2.99653216144	2.95009006124
6236	2.37001835241	2.69913764725
6237	3.22329228331	2.54873070343
6238	2.99744169204	1.49116332819
6239	3.08696986693	1.52604320886
6240	2.99923343345	1.92640795049
6241	3.06421084613	1.86355296548
6242	2.99816275476	2.42743666548
6243	2.40138131825	3.14032349483
6244	2.98425365233	1.38942316202
6245	2.35868934993	3.22692320376
6246	1.78858923132	2.37734405197
6247	1.69946237054	2.54106060824
6248	3.40090306168	1.41845914688
6249	2.37210120516	1.71742738523
6250	2.35038594261	3.58048603602
6251	2.99275478436	3.17631761213
6252	3.00258955927	2.98999650872
6253	3.24220988416	3.43325496889
6254	2.77265716588	1.53558508017
6255	2.36946218781	1.52718445012
6256	2.56915087664	2.40747906674
6257	3.0870768783	2.47272334834
6258	3.21720446397	3.48127794341
6259	3.40372630698	1.34901640911
6260	2.99323549284	1.33846834967
6261	3.32437029075	1.78209514381
6262	3.3466372522	1.5644502536
6263	3.38313019506	2.33013638345
6264	2.46500985147	1.37801535757
6265	1.70753907056	1.3597876963
6266	2.39990734782	2.43766570227
6267	2.73239303887	3.69093823427
6268	2.36898312482	2.2683964373
6269	3.22477156651	1.32292610966
6270	3.2213862838	1.67836710185
6271	2.73828535014	2.30693125528
6272	2.89404034872	1.56305127532
6273	2.36782538927	1.67857708541
6274	3.42207563385	3.13288825169
6275	2.63894266512	2.35819216756
6276	1.63997165981	2.34341562947
6277	1.42673768163	2.46455181035
6278	1.62459128867	3.61910933048
6279	1.53474839446	3.36848554329
6280	1.58161313993	4.31592822119
6281	1.50379612069	4.31053189548
6282	3.2203337169	4.05611001495
6283	1.44829046116	2.12688561134
6284	1.51078131857	3.9172258309
6285	1.51106709721	4.49559290879
6286	2.94496312043	1.82065709477
6287	3.39753338181	2.73341982185
6288	2.16618720518	3.02722423618
6289	3.32412010018	1.39491866468
6290	2.48858979346	3.65224685514
6291	2.33288947717	2.54489269522
6292	2.98916505597	2.48055250402
6293	2.74614176516	4.02304210623
6294	2.40211830347	2.38412374171
6295	2.98866876229	3.39972086598
6296	2.71507916164	3.30823940861
6297	1.4912227645	4.02076890313
6298	2.28099698444	2.00046592847
6299	2.75170672581	3.58308550395
6300	2.85085847914	4.30035192172
6301	1.47345975887	4.19564626705
6302	2.9941969098	2.57382208681
6303	1.65857117839	3.64697123933
6304	1.9204695413	3.04983273037
6305	2.5311659339	1.72447833409
6306	1.76790146711	2.40242755025
6307	2.50523445839	1.36932807421
6308	2.31980780173	1.74916640307
6309	2.25156900209	1.57755499645
6310	2.96095399503	1.9441139385
6311	2.36829447178	3.14730780214
6312	1.63246031576	3.70319852526
6313	1.92910349156	3.70908751883
6314	2.99333974907	2.52617204638
6315	1.94982497218	4.22031695049
6316	2.35720659862	1.74984973493
6317	1.86348546958	3.95076951587
6318	3.4910744208	1.39083134252
6319	2.97463390924	1.63282293488
6320	2.41067513784	2.94260603032
6321	3.41332881271	2.0984859852
6322	3.3761330612	2.97752977321
6323	3.26261933201	1.69427219762
6324	2.35364799548	4.30454160319
6325	2.41158836918	2.05771990141
6326	1.781915759	1.57487242821
6327	3.08720495884	1.63597756038
6328	1.52572515731	3.81733081183
6329	3.03215588725	2.99401353255
6330	1.92305972637	2.47644826103
6331	3.22121559727	2.22929425663
6332	1.77324024497	1.36051983805
6333	1.58818048051	4.40282840014
6334	1.83153985361	3.01686726244
6335	2.45321988048	1.72647188038
6336	2.94816129535	1.37252629407
6337	3.00160727854	1.37333783952
6338	2.36861384711	2.84303141419
6339	1.51272650024	3.22454315624
6340	2.3954854365	2.38555376858
6341	3.00320948834	2.77269478153
6342	2.99587938948	2.70929700632
6343	1.67082041359	2.72194600786
6344	3.00594568509	2.18164655037
6345	2.77887682778	1.39347732528
6346	2.38686445314	2.33432059244
6347	2.9874460647	1.51828780052
6348	3.08055887516	1.72248912625
6349	2.38065727725	3.17960721304
6350	2.5334230068	3.01776662539
6351	1.70443264748	3.56543831367
6352	1.3318203753	3.78084503348
6353	1.95414194731	1.71830543795
6354	2.36816472556	1.42910093356
6355	3.00455412073	3.22501904732
6356	2.36836433513	1.70436724304
6357	2.38837839848	2.13156350304
6358	2.50454093069	1.38546373845
6359	2.15185940828	1.36076495112
6360	2.06292972059	3.16646621785
6361	2.33004362168	2.46826126913
6362	3.01387408113	1.50800131249
6363	3.18048529381	1.84855699834
6613	2.98380158893	1.81087284892
6614	3.40986703816	1.7295815955
6615	2.87784714763	1.37951386126
6616	2.59501776328	3.28207286171
6617	3.37258884999	2.13938959538
6618	3.62917479343	4.49067645994
6619	3.21856995616	2.4438988376
6620	3.38018165051	1.89784969525
6621	3.61573845197	1.32943007632
6622	2.54583690777	1.3186794533
6623	3.27079990438	1.36150348779
6624	3.05812040394	1.3258820315
6625	3.59045414405	3.36453985784
6626	3.34682911976	3.53086331297
6627	2.26265780703	1.6908574441
6628	3.10397278354	2.30589843699
6629	1.61672226158	1.37671660142
6630	3.28338140348	1.56392581926
6631	3.38344834414	1.65461393868
6632	3.38148832797	1.90419630975
6633	3.38214166669	2.36207947363
6634	3.41618303856	2.00620395086
6635	2.53906568906	1.76826850258
6636	3.38323056457	3.99582619721
6637	3.11036998691	2.23791358195
6638	3.00872881383	2.44169695347
6639	3.11511645212	2.75485149515
6640	3.08851679719	1.5968915406
6641	1.61636457853	1.84553219557
6642	3.58063620322	3.70373359225
6643	3.17471138113	2.05891227174
6644	3.42895852024	1.85844649398
6645	3.48438071136	3.55457277361
6646	3.40483533134	1.42360182291
6647	1.45763905745	4.08305253012
6648	3.3915982175	1.54446506498
6649	3.30884681342	1.34358689042
6650	1.56745754227	3.28545508107
6651	3.60117294793	2.56221036186
6652	3.37601467141	2.49591325729
6653	3.09479920505	1.50690845836
6654	3.39806907104	4.20738113393
6655	3.41719111102	3.72035003824
6656	3.37797663231	1.83326941039
6657	2.72126311758	1.94933836543
6658	2.39496954685	3.73702338726
6659	3.39643165419	2.85156569004
6660	3.21580827901	1.32548181661
6661	3.42866433501	3.10421985989
6662	3.4006298444	1.66918644544
6663	3.35489354127	1.69705135831
6664	3.38324779094	2.80828850911
6665	3.52094804656	3.00743825119
6666	3.01965445328	4.11185837016
6667	3.32983328823	2.88075967087
6668	3.23168641011	4.39253848069
6669	3.61775390318	4.35262973594
6670	2.82845010409	2.81672567677
6671	3.55161629304	1.73024947294
6672	3.44719800454	1.31929973717
6673	3.22371899962	2.44720566061
6674	3.39170474636	2.46048091465
6675	2.99866043635	1.6599157104
6676	3.24134488749	1.93481831428
6677	2.98129688982	3.87172918115
6678	2.75137937518	3.11251949331
6679	2.93816699873	1.46977971498
6680	3.3811616586	1.33557843799
6681	3.51563238269	2.1079994392
6682	3.3528717594	1.96597688893
6683	3.28787705384	1.78540629922
6684	3.42708487945	1.58241719267
6685	3.1549151091	1.55212727328
6686	3.39744230938	1.68808763031
6687	3.37920164243	2.01254313158
6688	2.99636009796	3.30580932668
6689	2.65114402674	1.83900770712
6690	1.33960654649	1.36543821384
6691	2.34564113842	3.1157523096
6692	3.42916513514	3.50523426966
6693	3.30056680636	3.7112307474
6694	2.66578566069	1.93400139842
6695	2.40446516472	1.81404233706
6696	3.31911628862	3.6803064739
6697	3.38494557872	1.68089081257
6698	2.9901473367	1.88135210353
6699	3.05267106093	3.07212588164
6700	2.39356927493	3.25511955736
6701	3.2167172315	2.14914534616
6702	3.28899242601	1.42263675625
6703	2.3695619926	1.7130513326
6704	3.11945335238	1.38703613912
6705	2.77232981525	1.32518414236
6706	3.28081193109	2.28773985149
6707	3.38357669264	2.48990697452
6708	3.37306852838	3.38727930072
6709	3.53086780567	3.21551247607
6710	3.48724944398	4.00885013007
6711	3.56021932439	2.89589289709
6712	3.35089049202	3.83156105977
6713	3.1826315133	3.50267950702
6714	3.3838294584	1.53475593154
6715	3.59659035706	3.39573468658
6716	3.63186206172	3.50574539982
6717	3.17636107047	1.71000218829
6718	3.3576195477	3.79769347254
6719	3.2185415084	2.58431820313
6720	3.49585564183	2.64571200072
6721	3.26508119709	1.38322996923
6722	3.52083248865	1.42299821216
6723	2.99281487292	1.77153074862
6724	3.2228288861	1.31950945907
6725	3.52245029939	1.71196102021
6726	3.3157526873	1.42396469992
6727	2.79557170971	1.32316010861
6728	3.22126199393	4.10550838431
6729	3.07799447844	2.17426405307
6730	3.22159295252	1.61154522592
6731	3.43395966916	1.55401770399
6732	3.38080776679	1.52522981291
6733	3.00339045948	1.97353376937
6734	3.24171342485	2.29081166084
6735	2.99473770684	1.35257868108
6736	3.41406538712	3.2017700181
6737	3.42731216976	1.50768877239
6738	3.28769757466	1.94851203482
6739	2.82811945728	1.54870848234
6740	3.0974797244	2.01138842162
6741	3.06581359407	2.61211639261
6742	3.4556933852	3.29222822399
6743	3.23325389805	3.90053452954
6744	3.22058974669	2.10277533751
6745	3.00681550739	1.54176678801
6746	3.22440174571	4.34720090268
6747	3.41182127583	1.65015908824
6748	1.48172289537	4.07960577699
6749	3.49824625234	1.54717775363
6750	3.4125001665	1.32444928267
6751	3.48103385664	2.70848289571
6752	3.55617083905	1.42493497726
6753	3.42745517718	2.95273556957
6754	3.39659814488	1.45551457414
6755	3.36239224932	1.4594674382
6756	3.0420929245	2.99937702508
6757	2.8050393694	2.44206378613
6758	3.39862625096	2.20172076648
6759	2.95135947027	3.89220886301
6760	3.38072609945	1.4108981575
6761	3.33687981965	1.99389648321
6762	2.2886738494	1.49995224593
6763	3.04561896998	2.2724527477
6764	2.93776722686	4.01509004024
6765	3.00224877684	1.46569978129
6766	2.05947614049	2.15451943263
6767	2.29720369935	2.93821165284
6768	2.36764574065	2.35290284203
6769	2.39968625225	1.8663716205
6770	3.00909887267	3.53806597222
6771	3.31702920241	1.34077330633
6772	3.21953306322	1.6377586986
6773	2.72584602634	3.23884564599
6774	2.95575696079	1.94658600249
6775	2.9758613004	3.69253504115
6776	3.39316190522	3.20413585466
6777	3.056517656	2.21479889305
6778	2.97752704554	3.15664093619
6779	2.98890911653	2.4362015691
6780	1.64748300385	3.10099740575
6781	3.02382159794	3.52623916051
6782	2.97629965438	2.2266502094
6783	2.37319744344	3.15991312868
6784	3.09434250747	2.86484062493
6785	2.40757015128	3.50983657279
6786	3.28316132972	3.23073435884
6787	2.34356528659	2.28808092679
6788	3.62178480562	1.9856579157
6789	3.26439025031	1.74643840476
6790	1.61600689548	2.70238461571
6791	3.10181662466	2.65966983227
6792	3.39453884827	1.51924993471
6793	2.91418068683	2.0232691112
6794	2.36860386663	3.94124379163
6795	2.9952224538	1.9304675878
6796	3.41691961297	2.80660391777
6797	2.91378091497	1.93318501548
6798	2.87717243091	3.1083672785
6799	2.83241786583	2.4623304336
6800	3.06549304448	2.81926144562
6801	3.40718705928	1.42848400003
6802	2.40437384158	1.48198854799
6803	3.21660706114	2.65128642913
6804	3.1136708187	1.34083908258
6805	3.06196699901	1.33386055296
6806	2.56573449539	2.9128410302
6807	3.39411331706	1.57344717268
6808	2.57793585701	3.90831717173
6809	1.77390759221	4.04468478713
6810	2.99325789234	3.6834935151
6811	1.58073749452	1.75350317175
6812	3.39936301069	1.77036432847
6813	2.50800856922	1.32110740913
6814	3.43660733624	3.68136858412
6815	2.61746826867	1.60567818917
6816	3.4552152631	1.56270086965
6817	1.90579182585	4.29437169553
6818	2.37352631493	3.49043725224
6819	2.43449463243	2.29423040751
6820	2.36865376902	3.18195870433
6821	2.84208716189	2.06878547615
6822	2.86435281339	3.1333525103
6823	2.99617983228	1.31823304583
6824	2.81539618577	3.00250966667
6825	2.99918426028	2.33292490871
6826	2.21062572231	2.59173378934
6827	3.30606627543	2.8963263408
6828	2.66822593301	3.2801414676
6829	2.38058157998	1.77316622375
6830	3.22437329796	1.52734772143
6831	3.31483421627	1.42275718234
6832	2.98896920509	2.06219617519
6833	2.75367082956	3.48789107539
6834	1.57997901292	2.37129613276
6835	2.35513074679	4.40949570201
6836	1.77524228667	2.83962433563
6837	3.0002975709	1.58805294613
6838	1.49094335658	1.68025908552
6839	3.41765618738	2.3952312303
6840	3.29589829989	1.56410057149
6841	2.3426756358	3.60654732921
6842	3.2239750294	2.76147806767
6843	1.83413003869	2.08872533159
6844	3.34592985326	2.10953919637
6845	2.98564521669	2.05563589029
6846	2.35839279967	1.38448868564
6847	3.2217561046	3.06164404493
6848	2.06206632557	1.39963014565
6849	3.3715380249	2.04437363689
6850	2.34237908554	1.41423785058
6851	2.31085145928	1.74168492479
6852	2.13804508786	2.29696966813
6853	2.72650072759	1.97634356825
6854	2.36870367142	2.86398246036
6855	2.38754572854	2.60897648
6856	2.69750920091	2.66166972944
6857	3.10962304513	2.27482286639
6858	3.16110144411	3.9513303855
6859	3.39339471719	3.56129598127
6860	2.52495898342	1.50815767136
6861	2.30786601179	2.21775452784
6862	2.19391645801	2.05801790517
6863	2.94336403297	3.57788804839
6864	2.3864859668	4.04925203607
6865	1.68703667819	3.632231016
6866	2.23834773466	4.02872925885
6867	2.98914947077	2.1353154088
6868	1.47130239049	4.38407727844
6869	3.42585057771	2.26704622863
6870	2.85693092955	1.38332643829
6871	2.81963306519	2.22104419167
6872	3.22090267198	1.69726555439
6873	2.63406212047	2.70522882177
6874	2.33089660667	3.58620681948
6875	3.23701990409	1.75625319704
6876	1.53142637164	2.4824204375
6877	3.00946552437	1.74033158385
6878	3.22056129893	3.99695746965
6879	1.71499448597	2.88378051331
6880	2.98205902069	1.43573143825
6881	3.38470794175	1.5446342106
6882	2.98938982501	3.28593849211
6883	2.6628573339	1.34685926754
6884	1.72742017831	2.10830727221
6885	1.648556053	4.39011981008
6886	1.58482383977	3.2753171272
6887	1.55391391076	2.46677580419
6888	3.00840138692	4.18569072064
6889	3.22104491075	1.64313089047
6890	2.97717636236	1.44136069757
6891	2.99890600654	2.92725161456
6892	3.43101781686	1.94576144825
6893	2.24048019715	1.97185073223
6894	2.36839427657	1.36484390108
6895	3.410844157	1.63479279945
6896	3.22303625352	1.7480287009
6897	3.22320694005	2.74535235389
6898	3.41011131787	2.21053811015
6899	1.6442638564	2.04466891655
6900	1.65535203094	2.49328364339
6901	2.41222763111	4.25041474899
6902	1.55110296837	1.36897745344
6903	3.42833497615	1.80917034632
6904	1.65177520044	2.91196973388
6905	3.07671228009	3.45290500385
6906	2.09142175645	4.28483078798
6907	2.97294715098	3.50319034112
6908	1.85571491434	4.25692662241
6909	3.22044750792	3.43677526646
6910	2.38784851761	1.73920542808
6911	2.39216900301	4.04069155295
6912	2.24005370465	3.42371752368
6913	1.95673213239	3.71176670257
6914	3.31791077289	2.91066320146
6915	1.82808627351	2.06818526455
6916	3.02798874259	3.34781297228
6917	2.48512215493	2.11695063669
6918	2.82434070899	3.18760832311
6919	2.99185345596	1.57701741698
6920	1.48619342202	2.47682107797
6921	3.33751573972	1.39357989321
6922	3.2207035377	1.7903958919
6923	3.43134657274	1.52134187152
6924	2.80692242692	3.26520528597
6925	3.37743534894	2.81545859171
6926	3.1057329192	1.34714380737
6927	3.08967330393	1.45161150762
6928	1.81513534812	4.07157164273
6929	2.36915279297	3.12268954312
6930	2.75105202456	3.83539911939
6931	1.9006114557	2.48279420184
6932	3.23096492735	2.30899849061
6933	2.14236206299	3.59037188941
6934	2.23536228718	3.28835643551
6935	1.58234284444	3.76186935081
6936	3.1191642257	2.65527526919
6937	3.23471324628	2.0373046887
6938	2.0301207096	3.18431167594
6939	2.3918005104	1.79997881589
6940	3.42913049223	2.6074079448
6941	3.19035760942	4.20151069127
6942	2.98554415717	1.40965035036
6943	3.38449595237	2.74576470869
6944	1.75789125863	1.70113120908
6945	3.35764563763	1.82435061204
6946	1.74454431398	3.51393153533
6947	3.23209838797	1.78944281019
6948	3.43032376635	1.60473722203
6949	2.06120293054	2.2462391426
6950	3.22474311876	4.04126183734
6951	2.38209552532	2.59604451048
6952	3.33202827437	3.88555792218
6953	1.52600172448	3.21029395758
6954	3.09759229178	4.19037355202
6955	2.7854238403	1.36425248974
6956	3.38260444829	2.27279115845
6957	2.36905298818	3.21361400401
6958	3.2738858269	1.40522385712
6959	1.51383276893	2.22962502899
6960	3.3371499087	3.71230271696
6961	3.0363230319	2.48316802538
6962	1.54624770424	3.86731180004
6963	2.38641026953	2.59722140516
6964	3.22030526915	4.46064590071
6965	1.58861830321	2.83622104666
6966	2.37586070313	4.54248771241
6967	1.71313063212	3.14311561902
6968	2.57305531236	1.46583963968
6969	3.0992144845	1.5709620942
6970	2.58037612934	1.45375876555
6971	3.13275317985	2.42561493678
6972	2.36846413992	1.47275655119
6973	1.36973339493	4.48576380068
6974	1.53117083142	4.28542591472
6975	3.25034847346	2.26468564313
6976	2.8170438611	3.12315249905
6977	2.98278023123	4.42163642487
6978	1.55979133576	4.44111084609
6979	2.70238974555	3.33262164479
6980	2.38186843352	1.64073792053
6981	2.40638295053	3.52213282919
6982	1.71188806288	3.44836238673
6983	3.03888742861	3.18807950955
6984	2.32321974171	4.45270247205
6985	1.54931418685	3.76024514269
6986	2.98818277524	4.23151185527
6987	3.43163068563	1.49236375024
6988	3.4249298597	2.65288125461
6989	2.38323098432	2.20009266205
6990	3.42890320192	3.68402489587
6991	3.38368175089	1.91833257282
6992	3.62883888489	1.8055318965
6993	2.69702114644	2.96510946017
6994	3.38459168691	2.73054701625
6995	2.98590468853	2.72685767233
6996	2.99153890107	3.60080114367
6997	2.80809933787	4.44476905027
6998	2.4559939913	1.61173543256
6999	3.22135783604	2.8477223349
7000	2.97866676591	3.78138764333
7001	2.99674609877	4.0997418872
7002	1.56873524336	3.24314678467
7003	3.40180580778	2.06249506714
7004	3.32912391174	2.24523812132
7005	3.24941818982	2.27957180797
7006	3.30715176478	1.37451716312
7007	3.43063081339	1.60756456438
7008	3.37479083552	1.49827007584
7009	3.42290428007	1.33533852771
7010	3.39521025565	2.79483830551
7011	2.72551867572	2.47719395412
7012	2.36845415944	3.58672724598
7013	3.21731825498	2.96821018632
7014	3.08312327187	1.38303720873
7015	3.35939697168	2.00075226707
7016	2.3604686515	1.46907272539
7017	3.52406811013	1.51051015986
7018	3.38083151796	2.24257133656
7019	2.28057049194	1.57845214648
7020	3.59781759966	2.16468178256
7021	3.3841807776	2.42452261011
7022	3.41719542942	3.51290743942
7023	2.40373457965	1.36871510958
7024	3.38339389925	1.33362751131
7025	3.528843563	1.43763819446
7026	3.42702805687	1.32873156996
7027	3.37294830462	2.56452844356
7028	3.40888991933	3.46099261007
7029	3.41748529625	3.71444736663
7030	3.39336210735	1.36577912379
7031	3.0763917305	3.70052706922
7032	3.32826958371	2.03936294212
7033	3.3804179572	1.70718123176
7034	3.17347411413	1.5980059573
7035	2.98211910925	2.02939288967
7036	3.22431640245	1.56322656697
7037	3.42124698764	1.46153156313
7038	2.7278101301	1.65197806313
7039	3.37726884869	1.88551970427
7040	3.3848373917	1.49251406945
7041	3.4724276588	1.32757227902
7042	3.40777718364	3.53961090911
7043	3.00573391331	1.53492164284
7044	3.34769235399	1.47062788523
7045	3.34163344064	1.46500137749
7046	2.4934444874	1.8842157007
7047	2.9963000094	1.6720951288
7048	3.38107999126	1.59043326133
7049	3.32544331595	1.44434592054
7050	3.30539260056	1.85285673143
7051	2.3679052331	2.82942583748
7052	1.47781118456	1.73650869387
7053	3.44190267039	2.27312962841
7054	2.56817476772	1.4130788871
7055	3.33112543636	3.4670682624
7056	3.12407937933	2.00936995887
7057	2.66383344283	3.43727840296
7058	3.3782640775	1.485513075
7059	3.31057328189	3.74457193869
7060	3.00008558868	1.66443308904
7061	3.43089199212	1.82979187011
7062	3.38306722989	1.84126165415
7063	3.50159310706	1.81209069857
7307	2.84478602874	1.53508741336
7308	2.7841144378	1.83003988097
7309	2.01112601903	1.38902295637
7310	3.3978065991	2.7589913266
7311	3.42134818446	3.42823208496
7312	3.32524826388	1.61804547002
7313	3.39853517853	2.53341419797
7314	3.59004506318	3.04303671821
7315	3.38015831421	2.84345756547
7316	2.39563283354	1.71764680959
7317	2.91617954616	1.50706440274
7318	3.35909977011	1.39245490262
7319	2.62820546689	3.19185113275
7320	3.36019726318	1.38762969738
7321	3.25518483434	1.7019928488
7322	3.38584391947	1.6957674253
7323	3.25431983766	1.69984052587
7324	3.44455033746	2.34201378766
7325	3.45013985684	3.21788689842
7326	2.28526190941	4.41192195179
7327	2.99852328612	3.36010549145
7328	2.36840425705	1.9933267074
7329	1.58847236231	4.21149396692
7330	3.11482732544	1.88265285042
7331	2.69409281965	2.72521950345
7332	2.99347584708	3.36256843621
7333	2.4068395662	4.37015526913
7334	3.37483077347	1.70739787314
7335	2.99383757346	3.03670579363
7336	2.98810091852	2.48541221012
7337	3.53162689667	1.61497800504
7338	3.00417161076	1.74055699264
7339	1.5938305464	2.47533016549
7340	1.38431588687	3.54940788482
7341	2.98246862022	4.06985155244
7342	3.00657515315	1.93563576304
7343	2.70775834467	4.36833997365
7344	3.43123292759	4.03670122018
7345	3.09803232569	3.22168905322
7346	2.3773265975	1.45107706163
7347	3.00951949259	3.34584960353
7348	1.5160453063	3.357644027
7349	2.25924586705	4.51714692979
7350	2.80904086663	2.53991213678
7351	2.98556335997	4.08477670606
7352	2.3991703626	3.90887351884
7353	1.58219690354	3.87780926785
7354	2.81163007073	2.83834765818
7355	2.35809624941	4.34840689558
7356	2.9841717956	4.3532332357
7357	1.53704825642	3.92503352138
7358	3.05010666422	1.96346752118
7359	1.33571346089	1.70005549171
7360	2.57744780255	2.81588089418
7361	3.43236937913	1.63815515843
7362	2.37611544123	1.85564803036
7363	2.97542294641	1.33474289689
7364	2.07674404101	2.28501338073
7365	3.33087524578	2.28127067111
7366	2.98145813509	2.3966685995
7466	3.0086469571	1.40797013333
7467	3.51413012986	1.50364730439
7468	3.42198356205	1.82682035842
7469	3.55996629405	2.32457070168
7470	3.01741060616	1.46015399954
7471	1.65284824959	2.71500241237
7472	2.98800778813	2.19132647781
7473	2.64675153656	3.3483039625
7474	2.50939562463	2.94524549899
7475	3.38325778702	2.90848680498
7476	3.26489171322	1.96486102225
7477	2.64626348209	3.12130103059
7478	3.55870114238	1.32981033999
7479	3.38205255091	1.32523360671
7480	3.25849623866	1.85412461549
7481	3.21629413584	2.08417089756
7482	2.99857857963	1.89943315141
7483	3.17842318214	1.86380891078
7484	3.4185769054	1.47806422279
7485	3.42032626962	1.36158584348
7486	3.35416661076	3.10468044733
7487	3.63051842757	1.61997033323
7488	2.7628366471	3.39324524886
7489	3.56477387039	1.53013239326
7490	3.00723612731	1.60699803009
7491	3.22808160508	1.35914093007
7492	1.56260227815	2.88421229907
7493	1.54752540533	1.77973713828
7494	3.42476810038	1.80021960284
7495	2.36960191452	3.26616719343
7496	2.36805494029	1.53575108754
7497	3.31886609804	1.46992129053
7498	3.38263167074	2.07781707216
7499	3.26443723698	2.17779090464
7500	3.37838496902	1.33185356123
7501	3.46764643777	3.45745241716
7502	2.937367455	3.49094666525
7503	3.37841219146	3.79334004074
8357	3.42159246417	1.33168490847
8358	3.0848976691	2.49478592463
8359	2.99743258544	2.88119104215
8360	2.49275095969	2.39343585108
8361	3.07863557762	2.72890671572
8362	1.81686213817	2.56336913626
8363	2.33971013319	4.45881191361
8364	3.27130032448	1.33230590727
8365	2.79197085282	1.49356796188
8366	3.26852752317	2.69670490781
8367	2.2119051998	3.73540735044
8368	3.08988499712	1.34850830948
8369	2.95975467944	2.30142904912
8370	3.39461906408	2.0047672248
8371	2.03443768473	2.08720570661
8372	3.08651226638	1.79445705859
8373	2.03357428971	1.67962789139
8374	3.52291253103	2.16308991856
8375	3.52631325966	3.00833512723
8376	3.31316298459	1.59726277598
8377	2.99828293188	3.6893419603
8378	3.41019837146	3.52932139591
8379	2.38777282034	1.31827333226
8380	2.98392176605	4.01849664742
8381	2.36969173883	4.2179628522
8382	2.74417766141	1.31913302546
8383	2.77363921776	2.46751841823
8384	3.05106831299	1.47006249105
8385	3.3137367232	1.75121799737
8386	2.83274851264	2.36278702632
8387	1.94119102192	3.56647448889
8388	2.9910477607	1.87719966115
8389	2.37517067236	2.31383032943
8390	2.97796539953	1.5422715603
8391	3.3850475082	1.43598490265
9376	3.39424466304	1.75740155744
9377	1.93428386171	3.02677328164
9378	1.60778018534	3.06027915812
9379	3.41743970913	1.35410322543
9380	3.002909751	2.03554278076
9381	3.29690849612	1.3425027327
9382	2.88324488132	2.50646072691
9383	2.86030451311	1.96793193529
9384	3.00038603148	3.3267564077
9385	3.443961967	1.41810444118
9386	3.41047458686	1.59282358341
9387	2.98602486565	2.03173262628
9388	3.31751874829	1.32200491693
9389	3.38568058479	1.4858083251
9390	1.89888466565	2.99267399169
9391	3.37932958565	1.95957359342
9392	3.41553853595	1.46597955729
9393	3.32136800382	3.66810922997
