355	3.21999234385	3.40520805033
356	3.43278292824	1.32339558787
357	3.54326629203	3.04665960008
358	3.42816450842	1.46625957015
359	3.37718718135	1.5831411892
360	3.08775911281	2.95141254895
361	3.38159721775	2.00103866488
362	3.42736899234	2.91545634025
363	3.36376029411	1.48892275096
364	2.93217042075	2.03348991566
365	3.5475678077	1.99817735129
366	3.34227154303	2.165000333
367	3.38376054458	1.34517192386
368	3.55566477838	1.56200076887
544	2.36889330051	3.83375388143
545	3.28849438259	3.05664206529
546	3.4022943672	1.47232975218
547	1.70567521671	2.0790253114
548	2.97700102076	3.13381682811
549	1.48563460619	2.92900273376
550	2.3757713524	2.9478870993
551	1.5707795651	1.93536322091
552	2.99609975981	2.9864298473
553	3.38159469813	2.66888161619
554	2.26436377702	1.79349995044
555	2.82911139772	1.84653951576
556	2.85558149613	4.28661634585
557	3.49346503131	3.34290632676
558	2.39747529659	1.62636439295
559	3.05427380887	1.41493607085
719	3.3829583401	1.33498043867
720	2.3741840579	1.53758107654
721	3.57286366674	1.33827997921
722	3.00074656284	1.52150320422
723	3.21626568809	1.321151722
724	3.42395737132	1.32205041405
725	3.47434014721	1.34365515358
726	2.29890966934	1.37876271462
727	3.35200852517	4.22443890218
728	3.37999109339	1.32363254744
729	3.39616729538	1.4295955462
730	3.38962206785	2.3659739444
731	3.33388060623	2.15388629898
732	2.98518362581	1.33606110073
780	1.6428331242	3.32187522348
783	3.1889941807	1.65137120526
784	1.34869041288	2.13970340883
785	1.60205725655	2.4006262498
786	2.5628061686	1.33129345779
787	1.4948550674	3.03354381706
788	1.58321848985	3.86344970022
789	1.51359379856	1.71021959943
790	3.03824632943	2.61486692479
791	1.58788859871	3.76782933994
792	1.53398177381	4.34478962741
793	1.97659021799	1.38093247534
794	1.51032412553	4.42771566815
795	1.58205096264	3.8706244806
796	2.40610898113	4.1640819198
797	3.1020356976	2.02647354801
798	3.22349141759	4.22974281763
799	2.99011088773	3.46504209756
800	2.95455764519	4.03271378881
801	2.52383044696	3.04711272677
802	3.2855677344	3.17725720204
803	3.38143388307	1.78872906025
804	3.42366318609	1.49371875479
805	3.42336900086	1.84679149384
806	2.18249853037	4.11648104183
807	3.22300780577	1.92451892911
808	2.81516080358	4.00431651373
809	2.25498094207	3.10237810225
810	3.17058715779	2.46307065567
811	3.55288144471	4.26937827611
812	3.40630625749	2.44426602553
881	3.23171494751	1.72735918617
882	2.81327774606	3.76403579061
883	2.06897348578	3.64591682671
884	1.68206640125	1.83526178695
885	3.25374317321	1.91431486814
886	2.47471923935	2.65647307584
887	3.00619125528	2.76396694037
888	2.35987555098	4.38709780411
889	1.51722676859	3.89109978075
890	1.77857902283	4.31892825234
891	1.50184026528	4.045255486
892	2.82386994461	3.42873399894
893	2.33615153005	1.70220840676
894	2.68530783928	2.13125122911
895	3.03311753601	4.19916417216
896	3.01805170534	1.90393118653
897	3.49729000813	2.30762009688
898	3.10702090497	1.41587034711
899	3.37263551797	1.78635447527
900	2.98488318301	2.78520842346
901	3.33012467405	1.63420121835
902	3.2239181339	1.39994850767
903	3.21700532969	1.65950646071
904	3.38083498924	1.35777913446
905	3.41222395109	2.69711021635
906	2.24474512213	2.78771754678
907	3.09503321495	1.66360961582
908	3.37745940582	4.25633433786
909	3.38214712458	2.82349246404
910	3.02285994917	1.84452582277
941	3.37338912509	1.78896684441
942	3.34413534642	1.97269198434
943	2.37473217705	1.97465697837
944	3.33162581752	3.86400125113
945	3.38614336639	3.4162039131
946	3.00387116796	3.02001606899
947	3.13130754643	1.77809005754
948	2.98760977815	2.50457384548
949	2.4442040203	2.78228380709
950	2.98031645245	3.76999838508
951	3.48533695557	3.24936800791
952	2.69165254733	1.68830033763
953	2.37636702399	2.51895127044
954	3.41185566389	2.36952058966
955	2.39474845128	3.99130347593
1273	3.56097841539	1.85488605647
1274	3.37026554581	4.38468126515
1275	1.4201092762	4.12573775391
1276	2.39091612814	4.46186885485
1277	3.24678964591	4.05782584195
1278	3.39887445128	2.04525965351
1279	3.0193339037	1.91860089349
1280	2.17923626533	3.88999093533
1281	2.62576519457	1.6921391948
1282	1.48842868534	2.25527231515
1283	1.6464099547	3.60497947715
1284	3.46669019356	2.33362263215
1285	2.564270332	4.15883798195
1286	3.22411726817	4.06183151071
1287	1.48814927743	4.33936772198
1288	1.48731105368	3.90275695734
1289	2.40565236546	2.56646180665
1290	1.51776651646	3.87946871678
1291	3.22113025401	1.72315166262
1292	1.40685246534	4.16116802887
1293	2.26223131454	2.14473247696
1294	3.41101322118	1.40555145626
1295	2.45183282507	1.32101896102
1296	2.41332350872	1.69405883052
1297	3.2745928037	2.06040406694
1298	3.37933775466	1.39502206158
1299	3.21845616514	3.07577908022
1300	3.41710375657	1.61230640778
1864	3.42373292628	2.71255581725
1865	2.98494327157	1.68638810335
1866	3.39512721873	1.90578829248
1867	3.11800771896	2.03407615249
1868	3.40263343783	1.41400558418
1869	2.98400808215	3.1838409632
1870	3.33056495028	1.73583584259
1871	2.2319503472	2.73958560389
1872	1.77190555051	3.86675989386
1873	1.58905612592	3.23789048873
1874	3.23126047127	2.44279762908
1875	3.599863004	1.35167532322
1876	3.07158348667	3.13521013684
1877	3.22353437514	4.14255418061
1878	1.67926433402	3.11113488879
1879	2.76512810148	1.99133435728
1880	2.40519574979	1.33019101461
1881	3.418761049	3.07303882601
1882	3.61473072636	1.56340191783
1883	3.42308842367	2.49741719647
1884	3.37980314482	3.01506924708
1885	2.40263419313	2.22368018602
1886	3.61808981172	1.48228095591
1887	3.29142103077	1.35841784781
1888	2.67798702231	3.48636407982
1889	2.84950904572	2.83409591545
1890	3.63790841538	2.83877315812
1891	3.44249104085	1.33264765371
1892	3.62749525074	1.37829517237
1893	3.41866203717	2.87946591229
1894	3.41940555161	1.56217570524
1895	3.3842423652	1.73830556928
2127	3.00234398909	1.32119609408
2128	3.35632469634	1.4630537221
2129	3.35848278193	1.55281387366
2130	3.38048109743	1.31997605794
2131	3.38122382235	2.37841310821
2132	2.40839205948	1.61823768988
2133	3.34300320508	2.15610330298
2134	1.64462153945	3.46554854995
2135	3.37556216616	1.8883937228
2136	3.3495881635	2.66206988651
2137	3.37750914262	2.70197853741
2138	2.72617337697	2.18293366041
2139	2.63308601154	2.57498619031
2140	3.00621462179	2.30280317956
2141	3.22169920909	1.68363445452
2142	1.53295961294	4.24331905837
2143	3.10817741171	2.92069335528
2144	3.11106867855	1.72514246919
2145	1.90751861591	4.30274567015
2146	3.08692788186	2.78103128825
2147	3.38257863922	4.25159819306
2148	1.79873084262	3.33017675979
2149	3.39052031769	1.3626618558
2150	2.99876364036	1.5669046601
2151	2.75858108896	2.05831596815
2152	3.30135055132	1.73292631181
2153	3.50015874075	1.54802756635
2154	2.97691334996	1.67105498104
2155	2.8987633657	2.64690554409
2156	2.37496719575	1.7762112323
2157	3.37358269903	2.25024855685
2158	3.54402538303	1.39265891345
2159	3.08493986738	2.71704286997
2160	3.34164971435	1.86894025145
2161	3.34639750264	1.69512625817
2162	3.28036008366	2.89459292122
2163	3.15409026443	2.28263082746
2164	3.38581669703	1.87177258451
2165	3.59127230578	2.9032694931
2166	1.71996476291	3.82006428933
2167	1.61314543108	3.4382848536
2168	2.98362132325	1.33397742906
2169	3.0008066514	2.1542028362
2170	3.12205549254	2.27651758467
2171	3.0919863174	2.92113015807
2172	1.96881966276	4.17750488444
2173	3.42189807471	1.58513706467
2174	2.07933422609	2.27008553042
2175	3.06677524284	1.37579602393
2176	2.99035124197	4.0980130927
2177	3.38494244995	1.70783133354
2178	3.00591417899	1.99503674536
2179	2.29037981939	1.63835347717
2180	3.00514850521	2.9540591231
2181	2.87987129776	1.62074193645
2182	2.38890827934	1.61842996896
2183	1.3331180705	3.34977728843
2184	2.36954203164	1.46056664688
2185	2.39673831137	3.19657099086
2186	1.46986414491	3.81296032688
2187	2.6184443776	2.01891097105
2188	3.03728468067	4.36350179107
2189	2.32236675672	4.35081959194
2190	2.96615102928	1.47375448798
2191	3.22717018508	4.05439472086
2192	3.31044424399	2.12532927472
2193	3.2323043769	1.32767648486
2194	2.54696544422	2.91676479464
2195	3.32737257769	3.22406732437
2196	2.3697516217	2.69751558411
2197	3.50743842989	1.41044358047
2198	3.32361971902	1.57576513732
2199	3.22377589513	1.32283292457
2200	2.54962869805	2.07299358918
2201	3.27518067825	2.8175706962
2202	3.38429224	1.91057703054
2203	3.24509320643	1.57719655093
2204	3.49968061865	1.41786826677
2205	3.53567538201	1.70804815256
2206	3.21944408896	3.30678118182
2207	3.27238253174	1.33624307626
2208	3.40108520654	1.44330402938
2209	3.38638836841	1.52490486901
2210	3.21939494102	1.86919744021
2211	3.4137755135	2.97220109753
2212	3.10123837129	2.50532842042
2213	3.40791563871	1.39194591175
2214	3.38217094071	2.47346785718
2215	3.33512848561	3.17772708582
2216	3.21734670274	1.91084363406
2217	3.3363794385	2.34797815831
2218	3.00201656218	1.85793714951
2219	3.27898277598	2.51478059124
2220	3.19899265804	1.53343038632
2221	3.57736355628	2.63301403033
2222	3.3230901783	1.89363756686
2223	1.89111411041	3.35174255198
2224	1.7552218697	4.34298179269
2225	3.31617139854	1.88369451376
2226	3.26580066571	4.43867322755
2227	3.21876909043	2.71908480787
2228	2.98094620664	3.50012622469
2229	3.38336657613	1.67167889206
2230	3.34995399452	2.55680979428
2231	3.41548547146	1.43383800481
2232	3.31145567443	2.69792101107
2233	2.39791748772	1.52231075592
2234	2.09660212661	2.60584035699
2235	2.77494862026	1.53144874829
2236	2.98368141181	1.34044604932
2237	3.00134744844	1.82706765873
2238	2.98059552345	1.3547969976
2239	3.21814323985	1.85819179214
2240	2.98190815152	1.86150753469
2241	1.49038454075	1.68068017767
2242	3.25085985095	1.78445907057
2243	3.13333143322	1.7233726265
2244	3.373001349	3.62173070697
2245	3.34080821893	1.32648945932
2246	3.32361416083	3.63591171973
2247	3.58677241624	3.37787173418
2248	2.97524760482	3.81514509566
2249	3.51117713708	2.5533441293
2250	2.98120921903	2.6737001989
2251	3.23489628121	1.41964534802
2252	3.46286521674	1.58007074691
2253	2.98662575125	2.05147669137
2254	3.09169719072	2.15737146508
2255	2.25412795708	3.95975053543
2256	3.3741204347	1.48111274535
2257	1.75922595309	3.64644400342
2258	3.41621831058	3.98452649948
2259	3.35539392243	1.69962561925
2260	3.27906523231	4.13037179434
2261	3.38595280926	1.95679932192
2262	3.26352701608	1.77269864908
2263	3.12176636585	3.15897792048
2264	3.38252278095	3.28062422731
2265	2.93336973635	3.38282042044
2266	3.11714033891	3.27001719178
2267	2.9925211818	3.49655411635
2268	2.94696197976	2.96378146571
2269	3.00578197164	3.06665318926
2270	3.22223971641	2.90718167765
2271	2.11818700226	3.11390463073
2272	2.28995332689	3.37342297921
2273	3.38110721371	1.39574749787
2274	1.95241515726	3.02316777695
2275	2.39121092223	1.39910072653
2276	2.63747850173	3.70587445233
2277	2.37462255322	1.52247244389
2278	1.95759552742	3.59558355592
2279	2.38966325327	1.63066292288
2280	3.51482347732	1.44020109341
2281	3.12610326612	4.03841100752
2282	3.359810677	3.82936918552
2283	3.31704753865	4.05096573142
2284	2.98931320077	1.36442116835
2285	3.31959001958	2.57265851621
2286	3.00537338195	2.25762129504
2287	3.21747317392	1.7331497666
2288	1.59704969385	3.05527913248
2289	3.2218130001	1.46374798103
2290	2.98572442285	2.9364555598
2291	2.26009885205	1.39012580157
2292	2.40674824307	3.03218864416
2293	1.62530665477	3.64802588879
2294	3.40909958029	1.4190515073
2295	3.00747648155	3.14544401752
2296	3.02189830041	1.54514200272
2297	3.38097110147	2.9045730217
2298	2.37997600184	2.26064567533
2299	3.34596588552	1.66381539531
2300	2.91298137124	4.01338753601
2301	3.23471722214	2.64730351031
2302	1.72244990137	1.37885640071
2303	2.89808864899	1.35137609873
2304	3.40620284253	2.23525721856
2305	3.42391706988	1.41319451699
2306	1.76589942542	3.89775782705
2307	3.30093263738	2.81799329474
2308	3.35178314964	2.4861607454
2309	3.004472264	2.85284787424
2310	3.26142288685	1.93182556149
2311	2.13200132268	1.95320162122
2312	2.95375810146	1.61727718268
2313	3.41673546937	1.60398551414
2314	2.34623423894	2.25795710045
2315	2.37560916767	1.74871114456
2316	3.39389048465	2.08477738567
2317	3.31117590604	2.5038195074
2318	3.09011900702	1.57791367883
2319	3.02029555246	3.15337164511
2320	3.37932134735	3.37935571833
2321	3.32836996414	2.09665124409
2322	3.36289963977	2.72767711205
2323	3.24034999612	1.71479891146
2324	1.66393642413	4.06240398595
2325	3.38255237465	1.82805745208
2326	3.60729581561	1.58115247842
2327	3.21831392637	2.04999407577
2328	2.37177233367	2.34411690565
2329	3.38173762033	2.37983934549
2330	3.40591204528	1.74598456735
2331	3.38412824848	2.02822444246
2332	3.21711912071	1.89101268421
2333	3.43954918854	1.57238071795
2334	3.42674394399	2.32769953248
2335	3.22118097466	2.72112822609
2336	3.49920249654	2.65168504668
2337	3.41526232054	1.37424463143
2338	3.37778607519	2.42670779636
2339	3.58431793103	2.1621355107
2340	3.42603472132	2.45272769052
2341	2.28142347693	3.57114020841
2342	2.98235946349	3.77975999141
2343	3.37922047639	2.9931204461
2344	3.42778177932	2.69832649725
2345	3.01322774217	2.76023443068
2346	3.38402001553	2.63063991109
2347	3.36608359829	2.3364158944
2348	3.2580681566	1.37056270768
2349	3.34288439353	3.05300876205
2350	3.00753657011	3.45644146638
2351	3.28985566025	1.66877186664
2352	2.75825373833	3.99412973263
2353	3.38541910612	2.21315894615
2354	1.6435484903	2.47086311245
2355	3.00316255636	1.38351955406
2356	3.11974247907	2.46159044838
2357	2.27417310447	2.87687999388
2358	3.01031921687	1.55729986892
2359	3.33129090353	3.59297698251
2360	3.23947302545	2.93470041415
2361	3.22324086397	1.6275338771
2362	3.41517024874	2.19035512189
2363	2.06811009075	3.69946069571
2364	3.40937847874	2.45937171247
2365	3.42106284404	2.46900435687
2366	3.37735051604	3.63749005237
2367	3.39944590282	1.69128445748
2368	2.38285249799	1.55350142143
2369	3.40026555468	1.94603624045
2370	2.99738160348	3.99017338773
2371	3.38431946245	1.74757403451
2372	3.1767734928	3.94460385794
2373	3.41424953072	3.09593941127
2374	3.36348974239	1.76478611764
2375	3.41461781793	1.41123971199
2376	3.0022399799	1.98622449404
2377	3.10557527155	1.84805227242
2378	3.08801291791	2.0532577841
2379	3.41305259731	1.58386613313
2380	3.38110543256	2.55912290214
2381	2.93856677059	2.30108566454
2382	3.42428535709	4.17458418409
2383	3.40199593083	2.46418143286
2384	3.39990126496	1.33140500478
2385	3.24935046308	1.33432947844
2386	2.40355193338	1.99960726793
2387	3.31445783595	2.50948281623
2388	3.27170885686	2.18873737961
2389	2.90938342445	2.26670882449
2390	3.23127443225	2.79064755147
2391	3.37096253706	1.34230114068
2392	3.41817254825	3.38183020949
2393	3.37565950203	2.73424115636
2394	3.08941697732	2.16818909406
2395	3.4196382265	2.14977670344
2396	3.2234468529	1.34169956208
2397	3.60379703408	2.90761666088
2398	3.2784456056	2.8950261873
2399	3.06805744119	1.42239608171
2400	3.25154544922	1.89127490602
2401	2.98115769229	1.34331442989
2402	3.31300506115	1.38624804399
2403	3.35114529093	1.96877070049
2684	2.5823283472	1.38198125969
2685	1.54139244011	3.59349817877
2686	1.57921239227	2.10553890676
2687	1.51106072649	3.04892582565
2688	2.81633771453	4.23682216565
2689	3.25300877331	1.66484518092
2690	3.4738620251	1.97578113477
2691	3.01580785822	2.18132492089
2692	3.08505761222	1.34843596067
2693	2.40318664084	2.71011135378
2694	3.40500132099	2.93163118895
2695	2.73599389575	2.93513911175
2696	2.16075009678	3.79714908632
2697	3.23508305317	1.9907656473
2698	1.9636392926	1.3277286766
2699	2.50246034757	1.46724148032
2700	3.42364085448	1.39678886847
2701	3.38625225618	1.68744986361
2702	3.62212071416	3.99808897894
2703	2.11732360723	1.67794731237
2704	2.39054763553	3.34339672486
2705	3.20535532543	2.20694064835
2706	3.08857261487	1.92048079618
2707	3.30404525081	4.29975363265
2708	1.45979642582	4.35142291406
2709	1.5121733659	3.96256021269
2710	2.32407272671	4.45026035337
2711	2.21446415479	3.92894178588
2712	2.72486397446	1.78044391821
2713	3.00087056799	2.83664625054
2714	3.37917441998	1.69769412418
2715	2.97480925083	3.09869742916
2716	2.11387002713	1.40359385509
2717	3.22400347716	1.34236827881
2718	1.38829293013	2.35854526296
2719	2.98605450033	1.37998525231
2720	2.34059978397	3.69999385286
2721	2.56671060432	1.86996936177
2722	2.25711340456	2.41943213191
2723	3.10617295312	2.21512706007
2724	2.38724293947	1.38782802383
2725	3.01548730863	2.2154552863
2726	3.41248414733	1.79278274105
2727	3.00570011491	1.89811345658
2728	3.10908778856	2.21906968283
2729	2.43934932637	1.33967373796
2730	3.24912985759	3.94068398782
2731	3.00693568451	3.57944666333
2732	1.4786494083	3.51137173965
2733	2.98650557413	1.69533992133
2734	3.60335968639	4.14487759575
2735	3.53871174602	1.38792727587
2736	3.4025423654	3.23311825516
2737	3.42307481563	3.51905556763
2738	3.54225417069	2.60309868638
2739	2.07242706588	1.3911346054
2740	2.43865579866	1.72425707415
2741	3.08376437104	3.19279463067
2742	1.86780244471	4.05954220186
2743	1.56285781836	4.50235921365
2744	1.74187492505	4.39435310537
2745	2.33704118083	2.24590540963
2746	3.22130094053	3.9479660559
2747	1.53040421077	3.3350680101
2748	3.40782456629	2.53532358008
2749	1.84794435911	3.75645739617
2750	2.36800503789	3.8260831505
2751	2.38224691985	4.27294068764
2752	2.36920269536	1.73114080517
2753	2.05429577033	3.25607897791
2754	2.98668583981	1.4717615158
2755	3.3730284538	2.1749047659
2756	3.43072152439	2.61329483684
2757	3.3386311537	1.55522443573
2758	3.56918193893	1.86329707939
2759	2.70141363662	1.50878369896
2760	3.24532632182	1.53774779445
2761	1.58891018502	3.84638099135
2762	2.7291195326	3.80205069394
2763	3.52337476267	3.6280280502
2764	1.89715787559	2.63657920603
2765	1.52932053054	4.38528531107
2766	2.98019627533	3.02993120689
2767	2.39555913502	1.44868377872
2768	2.29421825187	4.14662077884
2769	1.5945459125	1.77832517716
2770	2.31042496678	2.01920109924
2771	2.36826453034	3.06984455693
2772	2.56183005967	3.12454172213
2773	2.74974262205	3.64855330234
2774	2.12854774257	3.47010928603
2775	2.40309531771	2.51137354646
2776	1.56950186401	4.42832391814
2777	2.37808357017	3.32333895702
2778	2.37770508383	2.58704646474
2779	1.76189534202	3.83759359899
2780	2.37451292939	2.73547360222
2781	1.73853818888	1.49386960692
2782	2.36819466699	2.80407880713
2783	2.73370244137	4.32192976381
2784	1.54726986511	2.9562662299
2785	2.19772243389	1.9537544623
2786	1.53372623359	3.99922072508
2787	1.50463434443	3.88112869861
2788	2.96415216995	2.42889511426
2789	2.46015515753	2.3923593341
2790	2.5356800797	2.99848251753
2791	2.35008939234	1.48669549651
2792	2.64870375442	1.33897327624
2793	2.57695974808	1.94878741915
2794	2.37672101936	3.83814236692
2795	3.28450867947	1.44775823867
2796	1.48367875078	3.3522340159
2797	1.63031421747	2.62431934781
2798	1.63889861066	3.43979497366
2799	2.37535846856	3.16599775517
2800	3.40082868895	1.34573058216
2801	2.3726493243	2.27380674596
2802	3.10876723897	1.91004400113
2803	2.99311531572	1.98085156262
2804	1.73453410549	3.14171929047
2805	3.24884152537	4.34358434505
2806	2.992394253	1.34420339052
2807	2.3566134981	2.04555511081
2808	2.74188620702	3.73163867028
2809	2.34030323371	2.4850380313
2810	2.99245434156	2.02880854764
2811	2.30488056431	1.73853044516
2812	2.37490428496	3.27290717746
2813	1.76456473095	1.71896459922
2814	2.36825454987	2.39738763937
2815	2.38845409574	3.32236307544
2816	3.30798357918	2.0926832844
2817	3.53415720001	3.4192077586
2818	2.99882372892	4.43928254336
2819	2.38701584767	1.37270622302
2820	2.13113792765	1.91458230063
2821	2.22086154226	1.59503891641
2822	1.5692463238	4.29736106847
2823	2.3688533786	1.33973777157
2824	2.39290598823	3.74403237157
2825	1.51355620176	3.21171647935
2826	1.98954114338	3.13706871077
2827	2.37166270984	3.0493792484
2828	3.28383500459	2.43583568385
2829	2.36770562353	3.31359079953
2830	3.32336952844	2.51250869514
2831	1.69387080898	3.17162321532
2832	1.51245776606	3.92950034623
2833	3.21930959776	1.39378520672
2834	2.31682235425	3.82663067497
2835	3.30605427171	4.42406741163
2836	3.22272332823	2.4977933293
2837	1.55646931293	1.69000412788
2838	1.62172982428	2.14567711479
2839	2.22555295973	3.3502685155
2840	3.38281502029	4.24627455991
2841	2.75989049146	3.51803028747
2842	1.73186471656	3.71552004674
2843	1.5218532169	2.96555224341
2844	3.00014567724	3.82279924713
2845	2.82339918023	4.32253024374
2846	2.37330706727	4.14313494558
2847	2.21617012478	2.24323767748
2848	3.38656801838	1.56937067222
2849	1.69138567051	4.02020075038
2850	3.41206555554	1.34916211334
2851	2.80645166254	3.51956829652
2852	3.39231681737	1.5867753828
2853	2.77331186713	1.32916023578
2854	3.35589307923	3.69679579817
2855	3.38980171781	1.38862369813
2856	3.38898643926	3.38331561473
2857	2.30274810182	1.55868822803
2858	3.3777571523	1.38284468509
2859	3.21783031455	1.9696099986
2860	3.52106360447	2.01340978577
2861	3.41931347981	1.32654046318
2862	2.37541394944	2.59800629768
2863	3.3847550216	1.37838856239
2864	3.01258140321	1.60624348001
2865	3.25057151872	1.9760623219
2866	2.36972168026	1.4027299682
2867	3.08637372789	3.85793744781
2868	1.60742250229	1.61344995694
2869	2.99227407588	2.72481010926
2870	2.71654332504	2.05712413106
2871	3.45282465259	1.6505628904
2872	2.39261119415	1.5974484825
2873	2.36879349573	1.75144624835
2874	1.74120757781	2.37023062926
2875	2.37508633007	2.11942869597
2876	2.46154221294	4.15418073029
2877	3.00927913835	2.96953995715
2878	2.34445493737	3.97606726942
2879	2.32364623421	4.37742178012
2880	1.46267291699	4.43562753665
2881	1.44253747882	2.62866310672
2882	1.42935286375	4.0865014149
2883	1.50128144945	2.62747773465
2884	3.06100535024	3.86896787386
2885	2.40592633486	4.24391004025
2886	2.37717520297	3.93285295179
2887	1.50994309483	4.51591331744
2888	1.50239908111	4.53382387812
2889	3.00675541883	1.56077787217
2890	3.37400204491	1.4267644614
2891	3.0859068288	1.39920649193
2892	2.59599387221	1.34427218659
2893	3.0032101938	1.47190348607
2894	2.75432553082	1.98537471535
2895	3.22671570884	3.29804301219
2896	2.97995592109	1.82731501825
2897	3.32507748493	2.52959987469
2898	2.97953530117	2.37698781832
2899	2.36919271488	2.38019605284
2900	2.7415588564	2.68578395945
2901	3.22081732872	2.00821785426
2902	2.9959995666	3.25943881501
2903	1.9403276269	3.01282306015
2904	2.97928046149	2.08963781713
2905	3.28044610007	2.03114733686
2906	3.2502831865	3.20271617509
2907	3.22198368663	4.11474709586
2908	2.38073297451	3.37836633635
2909	2.98241955205	1.75809128422
2910	2.36900308578	3.45341003514
2911	3.42354878268	2.45309629955
2912	3.4129605255	1.84906196111
2913	3.63555705562	2.3048661516
2914	1.99903848867	2.52769493351
2915	2.99756186916	2.55372896634
2916	2.67505869552	4.26997186333
2917	1.88507034523	1.63085899155
2918	2.98621821379	1.39836202669
2919	3.26178871788	2.57848169829
2931	2.97959538973	1.64293115064
2932	3.18172256081	1.32736457789
2933	3.3790110853	1.32603308909
2934	3.11101332618	3.73756218462
2935	2.98184587722	1.89547850784
2936	2.38883258208	1.60775352757
2937	3.30668872783	4.33154454817
2938	2.67310647766	2.9294406616
2939	3.21126351659	4.37257649206
2940	3.31661592153	2.1774699857
2941	3.1041928005	2.55065192799
2942	2.98998362325	1.98991302643
2943	3.40836555411	2.73465191244
2944	3.37993664849	1.8795335448
2945	3.56072538505	1.84931453131
2946	3.39352619494	1.35596394276
2947	3.12957278632	2.98197684964
2948	3.08494690042	1.40566077439
2949	3.43131200209	1.65076488029
2950	3.238173233	2.04673753213
2951	3.01516675904	2.59016803075
2952	2.73795799951	2.71949337309
2953	3.33738020081	3.71337492337
2954	3.22797860936	3.14218467411
2955	3.29727432715	1.70609857536
2956	2.36837431561	3.50063676273
2957	3.27215935843	3.46301688012
2958	2.40057063451	4.1234221548
2959	3.26080142704	2.40459106479
2960	2.99942461452	2.1359415554
2961	3.02542434588	1.45094359817
2962	3.00759665867	2.93557786855
2963	3.23983885647	2.28671698086
2964	3.35031982554	1.32741641436
2965	3.24711153201	2.96422407132
2966	3.42965369455	1.45001101185
2967	2.73010158448	2.25862888889
2968	2.52257265103	2.61840758659
2969	2.28014399944	3.05346271772
2970	2.37440330556	3.27338904898
3014	3.23544888419	1.56025466177
3015	1.98608756328	3.89276349296
3016	2.82481147337	3.23502643804
3017	2.72748277947	3.72948644144
3018	1.78391780069	3.96874671335
3019	1.53449285425	4.12052898818
3020	1.50435493652	3.97268730778
3021	1.58599136698	1.65157343201
3022	1.80822818791	1.3610105971
3023	2.38277680072	2.85541384137
3024	2.36908292961	3.75862146748
3025	2.41438232897	3.14777389633
3026	2.52187912333	3.69413238094
3027	1.46914502212	2.00361890977
3028	3.40299772755	2.26232795903
3029	1.29029412895	2.11077206793
3030	3.33897906382	4.16524789066
3031	2.64821569995	3.74079621228
3032	2.35631694784	2.53838167048
3033	2.41259292365	2.31832742866
3034	1.47557592124	4.24450108135
3035	1.56669092162	2.29149493647
3036	1.34349963208	2.78144873532
3037	2.72715542885	1.44161903872
3038	2.39769639216	3.01012958985
3039	2.81845615424	2.12346362478
3040	2.45946162983	3.79225227491
3041	2.27332011948	2.20237242274
3042	2.57647169362	2.93206947205
3043	2.21787609477	2.70888992141
3044	3.22535228011	3.85408239425
3045	2.0465252151	2.01775105041
3046	1.69324952436	1.43509881346
3047	2.38156564445	1.49568445095
3048	1.35912794624	1.83950816975
3049	2.71117472592	1.32921408546
3050	3.22292246251	2.29252029402
3051	2.37974891004	2.42925987448
3052	2.76480075085	1.32058027321
3053	3.27034542814	3.26857299831
3054	2.30061563933	1.38150365135
3055	2.26393728453	3.45189511889
3056	2.922575896	1.92857038481
3057	2.98788761101	2.52807580332
3058	2.14581564309	2.03436935972
3059	1.62029909208	1.44174829811
3060	2.40256049461	2.32909166347
3061	1.5649021401	1.68660033697
3062	2.76185459522	1.63934595902
3063	2.27161414949	2.5019346984
3064	2.8146900392	1.84201403564
3065	3.00193470545	1.63439835283
3066	3.25580218837	1.42251638938
3067	3.28208655213	1.8067432328
3068	2.76381869897	2.05474365638
3069	3.10904479176	1.62209452178
3070	2.22597945223	4.39072438892
3071	3.27820199807	2.70726217389
3072	2.99514059707	1.39062946333
3073	2.43796227095	1.52037511876
3074	3.40491024856	2.76853541002
3075	2.98215724872	1.75487711858
3076	1.85916849445	4.43319204975
3077	1.6456945886	3.47315244131
3078	2.36907294913	4.3520262954
3079	3.40336201727	4.24686583785
3080	2.17488657862	1.40653745114
3081	2.42409171684	1.85539397985
3082	3.21757428477	1.42799151904
3083	2.60819523383	4.24095572295
3084	3.21811479209	2.72358228196
3085	3.38268611563	3.09731815376
3086	2.39953885521	2.87731083225
3087	3.39817088881	2.55719516422
3088	3.22420261143	2.71296343507
3089	2.9932955814	2.41761691657
3090	2.44142990948	3.09456120168
3091	1.98004379809	2.31971316472
3092	3.50571287273	1.57025420342
3093	2.6711542598	4.03898105506
3094	3.29326645283	2.25225646144
3095	3.19626580058	2.2962844977
3096	2.99868511564	1.32997336817
3097	2.80927624882	1.45891925496
3098	3.3012984684	1.69021736812
3099	2.34831009077	2.0957346729
3100	1.83844701382	1.44473760673
3101	2.36884339812	3.82991706526
3102	1.55059188793	1.3920475915
3103	1.51189679873	3.29368112168
3104	2.40830073635	4.23033243763
3105	2.6726184232	3.2288283076
3106	3.56047235472	1.54819770653
3107	3.00092682852	2.77811081674
3108	3.30021447107	2.3430650802
3109	3.51517015105	1.5335959077
3110	1.73119736933	1.32124052538
3111	2.94936061095	2.82985009396
3112	3.40400432516	1.81795698279
3113	3.42419328529	1.36526811413
3114	2.36777548688	1.75235984441
3115	3.11280343865	2.00994636645
3116	2.75596228395	2.16054601518
3117	1.30067569054	4.38770208688
3118	3.41230983525	1.50056572051
3119	2.53511581148	1.5291476139
3120	2.35246179444	3.88389651925
3121	1.52655485882	2.10584626607
3122	1.66465179023	3.44483255598
3123	1.42848113638	2.3744958407
3124	2.37597983745	2.13625471752
3125	2.51216973545	3.46605506156
3126	2.27289362698	3.42171259152
3127	1.6016995735	3.28400520321
3128	1.28899643375	4.4575895516
3129	2.80880548444	3.37045980711
3130	1.62781043612	2.57537434324
3131	2.20934624482	1.96988988306
3132	3.40436381398	2.96112707554
3133	2.22299400475	1.90048997309
3134	3.4223253033	2.26907189691
3135	3.28165493501	1.37653201222
3136	3.24671266352	3.93788585697
3137	1.47529651332	2.85071119663
3138	2.27971750694	1.6509669294
3139	2.99243932507	2.5598944118
3140	2.27246713448	1.70501604857
3141	3.25777982438	4.09858929832
3142	3.0077465331	3.46352309566
3143	3.0038558273	2.9439254982
3144	3.25807456958	3.54115637892
3145	2.36868371046	3.2613600246
3146	1.92824009653	3.01596813633
3147	2.36812480364	2.8247629242
3148	3.24313133568	2.14693746086
3149	2.22256751225	1.6572598211
3150	3.42110390475	1.48404037722
3151	3.09690147103	3.95020870545
3152	1.57001294445	3.40920322999
3153	2.36988136792	1.42323947883
3154	3.2621545489	3.41170214168
3155	3.01773115575	2.20106934707
3156	2.15531298838	3.70159367957
3157	3.38436462955	2.03466262616
3158	3.33362734214	1.83875756462
3159	2.44767165883	2.25292623667
3160	3.34337618282	1.4197642938
3161	2.36897314435	2.80997404785
3162	1.62602202087	2.56530161116
3163	3.21898961271	3.98509092185
3164	1.45907730303	2.39020789887
3165	2.21915557227	1.71720802008
3166	2.37914333191	2.38662691046
3167	2.3388204824	4.2197283371
3168	3.22489780387	2.98464793769
3169	1.76122799479	3.67818296402
3170	3.32487067191	2.33746434475
3171	3.21080904034	3.69466494597
3172	1.65392129874	3.28110704623
3173	3.09402195788	1.3398018644
3174	2.95855536384	1.71918443806
3175	2.98990176652	1.72913663994
3176	2.59111332756	3.80259561307
3177	2.40226570052	2.43071950751
3178	1.7978674476	3.8502302421
3179	1.80736479288	2.63816526808
3180	3.2236052086	2.46937598956
3181	2.3643238049	1.7007007445
3182	3.24970652204	3.47619772823
3183	3.23788490077	1.40478788724
3184	2.12509416247	2.60623216512
3185	2.12423076744	1.44881623558
3186	3.2984880026	3.56181356558
3187	1.39624701665	4.41495609629
3188	2.24687758462	3.60236757463
3189	2.81586695015	4.20385815779
3190	2.36913283201	2.05950881219
3191	1.62995653442	4.24154646799
3192	2.45113929736	1.66690919306
3193	1.64319080725	3.56699266532
3194	3.29259277796	3.53755111168
3195	3.41255411496	1.3951255177
3196	1.66572483938	3.63065445973
3197	3.22444332763	3.13753350229
3198	2.57940002041	3.21313953402
3199	2.91058274005	2.32179354518
3200	2.05343237531	1.32788560709
3201	2.2507160171	1.3829409173
3202	2.38217122258	1.43955827344
3203	2.36963185595	1.85260333226
3204	2.36867372998	2.81208230355
3205	3.22127249278	4.09916556315
3206	1.77457493944	3.05119353153
3207	1.48339934287	1.68110150668
3208	1.28250795776	4.44720903731
3209	1.52461888862	3.77488023314
3210	2.57061504004	1.79709399103
3211	3.2262612326	1.73785599515
3212	3.23618054624	4.18744633832
3213	2.9943220298	2.33991280132
3214	2.98515407633	2.73218826418
3215	1.53347069338	4.25455783947
3216	3.22269488048	4.24982311577
3217	2.32748466669	2.07329461277
3218	2.36835435465	4.14720195829
3219	2.75072467393	3.23932331344
3220	2.37566125763	3.08218129642
3221	2.35453764627	1.93836444106
3222	3.40700491442	3.85298148329
3223	1.56796862271	3.74727066251
3224	2.19996340987	4.30693700956
3225	3.31446838525	1.33057417557
3226	2.27673205946	4.2338714011
3227	3.42992600831	1.39605928732
3228	2.00594564888	4.44050135264
3229	2.37374556259	4.05496642635
3230	1.70319007824	3.80750254979
3231	2.58720889185	2.56105212037
3232	2.37520546438	4.13965124396
3233	2.27886452195	3.77271102378
3234	3.34963953913	2.98064210499
3235	2.51147620774	1.71348787204
3236	3.24569215284	2.68941947937
3237	2.98993062205	2.98687547274
3238	2.3679551355	2.04703328549
3239	2.24815706211	2.06070260362
3240	2.22427348224	1.44499902692
3241	3.21874064268	1.38802658713
3242	3.41130323308	3.09272441788
3243	2.49483154281	2.46566329809
3244	3.10239487802	1.96709370301
3245	2.25284847959	1.64393044191
3246	3.40900850786	2.00161163815
3247	2.14063527294	3.40970289391
3248	2.36962187547	3.83046500422
3249	3.29730850207	1.657463765
3250	3.46238709464	3.74997086663
3251	2.57891196594	2.73588453593
3252	2.56622254986	1.66176026501
3253	3.2764755296	3.63117991928
3254	3.08152052392	2.05177339213
3255	1.57461266836	1.34434104187
3256	3.21489932653	3.20697681255
3257	2.20678728983	2.14127336429
3258	3.02510379629	4.13616967398
3259	2.16890575938	1.69043066757
3260	1.35780226515	4.07501342203
3261	1.75855860586	1.83476333753
3262	1.63532178016	3.56077845618
3263	2.36984144601	2.12875516929
3264	1.98867774835	2.44316463937
3265	2.39253749562	1.33062914969
3266	2.42963993849	2.09695688624
3267	3.40327094484	2.98509332628
3268	1.58526166248	1.44071588092
3269	1.27082870098	4.4016169332
3270	2.41213630798	3.54270238163
3271	1.61851067683	2.49553742052
3272	2.98466293597	2.12969074763
3273	2.29379175937	1.93372921156
3274	2.456687519	2.03789246505
3275	2.9788421075	2.7647970383
3276	2.27118765699	2.74452782191
3277	3.01901335411	1.43814891285
3278	2.98157831221	2.93382319661
3279	3.4128684537	1.34938111378
3280	2.36987138745	2.77852784932
3281	2.36822460843	3.01641766978
3282	2.55402118823	3.75051108509
3283	2.29123280438	1.35801820787
3284	3.05523545764	2.01949128665
3285	2.77298451651	1.61116499026
3286	2.36944222685	1.76316556402
3287	3.40427274156	2.0056290828
3288	3.00903878411	2.58042571959
3289	2.99678071788	1.4037021074
3290	3.28181397997	1.34136742418
3291	3.232522236	1.34290751547
3292	3.38478224404	1.56515032835
3293	2.99834302044	2.88766871687
3294	3.31078199955	1.44789028104
3295	2.1130066321	1.99247248779
3296	2.33674463057	3.13799835301
3297	2.36639965673	3.07852146607
3298	2.85828036298	2.06848534074
3299	2.35424109601	4.27947731182
3300	1.4766935529	1.3806476867
3301	2.39386406902	2.50683828083
3302	2.22384698974	1.75878154391
3303	2.37637653448	3.79932698647
3304	1.55851363467	3.3252914307
3305	3.26325204197	2.44023021497
3306	2.50176681987	1.45782573066
3307	3.42925270547	3.45240003176
3308	3.00226213236	1.60136199727
3309	2.94136517365	2.92593889688
3310	2.54019422551	1.3929653738
3311	2.81304236387	2.60153280842
3312	3.26956965572	2.97131381388
3313	3.21916735899	1.99532195893
3314	3.00327028236	1.52571767284
3315	1.35647658406	3.92057048611
3316	1.77057085604	1.34615206281
3317	1.49234039616	1.95569127127
3318	3.40424696088	1.50118014249
3319	3.24653486756	1.3311265814
3320	2.37694811116	1.61135507848
3321	2.55206897037	1.32164307162
3322	1.58365631256	2.91938330215
3323	3.19581132434	4.28185604243
3324	3.33934489484	3.83869119406
3325	3.31186813324	3.47670548329
3326	1.38033884362	3.19326646845
3327	2.99391274616	2.90022999878
3328	1.71747962444	3.22597100712
3329	2.38027879091	1.3734283073
3330	2.70287780002	1.36011250051
3331	2.60526690705	2.23558905674
3332	2.96775011674	2.05593342002
3333	1.58175908084	2.00677905577
3334	3.40395277565	1.45700807435
3335	2.74646911579	1.31815265059
3336	2.69555698305	1.64854624811
3337	2.36794515502	4.07558725916
3338	3.004411965	2.34552016855
3339	2.9935960242	1.3968933312
3340	3.25922148551	1.33935445808
3341	2.4108577841	1.74123357429
3342	3.04273402368	3.0281263229
3343	3.30166429943	2.96466673614
3344	1.79326066195	2.10738395082
3345	1.43719841012	2.26266459341
3346	2.74843321955	3.49145613747
3347	1.63389104796	4.36471098144
3565	2.97014874793	1.45796221395
3566	2.91777863362	2.32005974677
3567	3.4125922383	2.87774172983
3568	3.22365284183	1.5321083469
3569	3.3807533219	3.53189155375
3570	3.38434211072	1.55024400726
3571	3.34629568429	1.34587083886
3572	3.39130281073	1.59227108244
3573	3.43572478055	4.1892024889
3574	3.40107296865	4.02133711509
3575	3.41922140801	3.57581072411
3576	3.35071367382	3.10975081719
3577	3.40130510857	2.27177610385
3578	3.35714525647	2.80239658429
3579	2.97989415707	1.7698981749
3580	2.5059279861	4.39677343391
3581	2.37122421453	1.67126289216
3582	3.33437791387	1.46542024213
3583	3.35068565657	3.86124408871
3584	2.66139317051	2.76313707929
3585	3.53187992701	1.51892898646
3586	1.7087816398	3.75375363931
3587	3.38619781128	3.15383850906
3588	3.08602738166	1.91592035128
3589	3.01676950699	2.75774875544
3590	3.10875566507	2.7672887532
3591	2.98175246577	1.34440995637
3592	2.46778396229	3.45038073555
3593	3.00766467637	3.18666612786
3594	3.27709825586	1.90499203466
3595	3.22715465364	2.67571045822
3596	3.21800100108	2.35889841757
3597	2.54357983486	2.41616581012
3598	2.99319123451	2.34587113231
3599	3.38373428002	1.53791457158
3600	3.4251140033	1.35698607188
3601	2.61551605081	2.489157255
3602	2.36195140281	2.16086379586
3603	2.99107230469	1.44032970147
3604	2.40939661396	1.98000515904
3605	3.38394817997	2.28025117559
3606	3.39270654307	2.36491110546
3607	2.98965619634	3.85848840659
3608	3.29983514431	1.54548082686
3609	2.98392622542	2.34622215528
3610	3.38800521813	2.53876419824
3611	1.48675223785	2.38805859528
3612	2.24303915214	4.04354356702
3613	1.34220193688	1.79925681031
3614	2.98043662957	1.9342736445
3615	1.58934800772	4.13326999401
3616	2.57500753022	3.31748722033
3617	1.59311518031	4.02474763029
3618	1.54369230207	1.36035672539
3619	1.56643538141	2.94436543925
3620	2.98640467546	1.90605383018
3621	2.1569441209	2.47384020042
3622	2.47333218394	2.64412143853
3623	3.38004553828	3.37985049814
3624	2.29293877437	1.40489679089
3625	2.32705817419	4.51344680329
3626	2.4062916274	4.45942318343
3627	2.22512646723	4.46982382991
3628	3.24278654862	1.88656397294
3629	3.58759057797	1.40953726862
3630	2.62332492225	1.84956716072
3631	2.86165394654	1.33293407075
3632	3.22241040294	2.39774724812
3633	3.38067165456	1.44382450126
3634	2.7778947759	1.76108625836
3635	3.23759656855	1.37782911043
3636	1.68517282434	4.52455357772
3637	2.96375239809	3.27676380759
3638	2.39150571632	4.35504409025
3639	3.44955148638	4.06354911408
3640	2.41204498485	3.96930947777
3641	2.67457064106	3.29416553933
3642	3.39379941222	1.32970139716
3643	3.54377235269	2.74040871477
3644	2.77069306212	3.82334641633
3645	1.81340855807	2.55449881805
3646	3.08119997433	3.29610380206
3647	1.49010513283	4.33695952576
3648	3.21913891123	3.00474904418
3649	2.64187099191	1.35889936974
3650	3.22221126866	3.1951544117
3651	3.39370833979	3.55044038888
3652	3.16605051212	3.6734085307
3653	3.42981236316	1.72824743935
3654	3.42782357295	3.16974711454
3655	1.99817509364	3.13056784686
3656	2.75563493332	2.52046965743
3657	2.49899270904	1.41055713591
3658	2.99654036364	2.3221404825
3659	3.12928365964	1.62968346774
3660	2.36912285153	1.41067075056
3661	3.26471536606	1.36043825211
3662	3.22417416368	3.55353932215
3663	3.08486250388	2.84217928928
3664	3.40572990042	1.79302175164
3665	3.21982165733	2.54412580412
3666	1.66357874108	1.44894875165
3667	2.16020638594	3.08263904167
3668	2.71068667146	4.42467530636
3669	2.11214323708	3.61073087338
3670	2.98153450572	1.80868444992
3671	2.71995371507	1.99732011185
3672	3.38513613585	1.34399735757
3673	2.44697813113	1.39783616031
3674	1.61529152938	4.44781918209
3675	2.98091733805	1.98198092971
3676	2.37363593876	2.25694986187
3677	3.00561373619	4.13384981158
3678	1.65749812924	2.51402305569
3679	3.23990322636	1.47048644787
3680	3.43106245985	1.71152530974
3681	3.38596609804	1.90313617217
3682	3.25345484098	3.1324240523
3683	3.37857552615	3.85078037191
3684	3.07414788338	4.50974880843
3685	2.32023429423	3.30532348794
3686	2.26137832954	4.11763730186
3687	2.78706059343	2.13250068012
3688	2.88459431475	1.35809801744
3689	1.50742842359	3.91666859561
3690	1.38696724905	2.58198200246
3691	3.31776086446	3.13846326295
3692	3.19081208567	2.52503050277
3693	1.67269684035	2.07209087367
3694	2.36856394471	2.76770424626
3695	3.38333945436	3.84198540038
3696	2.70092558216	1.60454920624
3697	2.40160241382	3.47467481831
3698	2.39740159807	1.40005474677
3699	3.53668750335	2.27685670597
3700	3.36747758079	1.99874914031
3701	3.41513181441	1.90631942709
3702	3.15085961725	2.23724913583
3703	3.38157899174	1.46836721612
3704	2.9990039946	1.78256745547
3705	3.06068480065	1.60229763531
3706	3.41133271641	2.45567822067
3707	3.09433118524	2.18389961466
3708	2.61014745169	4.42893222735
3709	2.44628460342	1.56954726004
3710	2.4015287153	3.20887196872
3711	2.15013261822	2.29662705331
3712	2.65504846246	4.00318370177
3713	2.71019861699	3.2398010401
3714	2.6003863624	2.59486814871
3715	2.41715643979	1.62286873035
3716	2.26649623951	3.09915730606
3717	2.61356383295	4.43745477355
3718	2.2690551945	3.84253464201
3719	2.43657521554	2.80744609502
3720	2.23408280969	2.46196041139
3721	2.84883432901	1.61862230725
3722	1.65714044619	1.66711591994
3723	3.03119423848	3.8695200169
3724	2.98499036287	3.41970860676
3725	3.47959949034	2.20269833969
3726	3.23961489413	1.54565032775
3727	2.64138293745	2.8472955915
3728	3.4053656107	2.64451899026
3729	2.98842840805	1.51224378545
3730	3.35330337652	1.3840033797
3731	3.51713463552	1.5337614883
3732	3.13419881327	3.05391673259
3733	2.90818410886	1.64153462978
3734	3.25893315328	1.94631109186
3735	2.90348638268	1.92478861167
3736	2.98349615015	2.5057057967
3737	3.26873950732	1.46850819955
3738	3.37660662038	2.56800956295
3739	3.36027533784	1.71108983612
3740	3.36751388364	1.70285543592
3741	3.22124404503	1.71217896426
3742	2.78215033404	1.69598126611
3743	3.38532669298	1.4372557774
3744	3.31549772367	2.68134705956
3745	3.39981019254	3.78030248284
3746	1.58351037166	3.32577969716
3747	1.58511572157	4.32793722766
3748	1.51327963458	4.02531625673
3749	1.62745275307	2.53914678521
3750	3.25630125252	2.57576255537
3751	3.55946023338	3.5623312091
3752	2.98150336857	3.86234677604
3753	2.59404165435	1.68766239329
3754	2.92217612413	3.18949342416
3755	1.9670928727	1.78991923262
3756	3.32481664677	1.33630385319
3757	1.8375836188	1.38743160777
3758	2.91937772108	1.33162880931
3759	2.37232045281	1.40112039442
3760	3.41176359208	1.73875538025
3761	2.38391225972	3.41670440599
3762	2.23749474967	3.12037565164
3763	2.37467719316	1.56130161548
3764	3.07222458585	1.65766776812
3765	3.40012836765	2.27855320062
3766	3.35105148759	3.15570655697
3767	3.22238195518	1.54025566859
3768	3.00116718276	1.37506382523
3769	3.23586657519	3.603412158
3770	3.29581100305	3.00340524004
3771	1.73386675826	3.06528634844
3772	3.34510265129	2.54604347595
3773	2.61307577848	3.41220210166
3774	2.97638732518	3.82061116246
3775	3.32178500572	1.35526217693
3776	3.38352416351	3.4022141525
3777	3.12581413943	1.69299288318
3778	3.41498610514	1.51240174305
3779	3.14133900977	4.27591099227
3780	3.42501238009	3.75105136276
3781	2.94856106722	4.46003451247
3782	2.00421885882	3.7381010412
3783	3.31629754037	3.96424672959
3784	2.36911287105	3.61753721513
3785	2.98240634592	2.2532612131
3786	3.01419725061	1.33809214166
3787	3.38989254162	3.01327217911
3788	3.41627511036	3.57996632007
3789	2.98121778085	1.55367345641
3790	1.59080741674	3.48687301913
3791	2.98147223142	1.34051079348
3792	3.38039943009	1.35706511168
3793	2.73173833761	1.66073492033
3794	3.32462048133	2.03495595182
3795	3.22035304144	3.56906596317
3796	3.00078871127	1.72935908811
3797	3.21754583701	1.7333732806
3798	2.98818805381	3.52161980424
3799	2.36959193404	3.18525327907
3800	3.41013066549	1.3417661673
3801	3.24489475855	4.0675589277
3802	3.38230500137	1.8021480301
3803	3.0050128506	1.47676570679
3804	3.30971258194	3.99978668697
3805	3.37629382821	3.64117490096
3806	3.43174433078	1.74349269526
3807	2.37221082899	3.27724615281
3808	2.60282663472	3.73217687552
3809	3.21828547862	1.53260366759
3810	3.27788528291	1.72846965068
3811	3.37955553424	1.47575906578
3812	3.00030096303	3.43878816774
3813	2.48373509952	1.40326945341
3814	3.09737227482	4.28959345989
3815	2.99203004143	1.48728812836
3816	3.32987448347	2.6034903039
3817	3.38890346797	2.18551072267
3818	3.23125325957	1.64975552293
3819	2.25967235955	1.77926624772
3820	2.76152724459	3.6888099874
3821	2.32919063668	1.39585136848
3822	3.58636333537	1.32269359102
3823	2.13977187791	2.59682904772
3824	2.38413935153	3.89831304912
3825	2.39600132615	3.18713719588
3826	2.38958955475	1.39794121516
3827	3.41351295631	1.7196242934
3828	1.63496409711	2.50986084385
3829	2.5906252731	2.20726739427
3830	3.30625711071	1.35817788621
3831	3.52606022933	1.99760579912
3832	3.31010832468	3.57425335263
4296	3.38299887224	2.83792221745
4297	3.37860274859	2.06758528979
4298	2.38096006631	4.40222263706
4299	2.37558556036	4.41738447771
4300	2.38383656246	4.46676303987
4319	2.50870209692	3.08309684613
4320	3.54048295835	2.27042352668
4321	3.62346434831	3.10790621736
4322	3.62682343367	2.02385120317
4323	1.43371150062	1.33903665852
4324	3.48485883346	1.99275716845
4325	3.39789767153	1.60248494055
4326	3.38105276882	2.10892311587
4327	3.47003704828	1.42615315305
4328	3.40895392457	1.42688690071
4329	2.6447993187	1.39647583556
4330	3.29460344854	4.21502156161
4331	3.21911046348	2.70563537377
4332	1.65928654449	2.79777535647
4333	2.09401194153	2.09940415512
4334	2.36979154361	1.8365089467
4335	2.37297819579	3.40271298744
4336	3.49681188603	2.99356695972
4337	3.09401020419	3.6861510111
4338	2.58672083738	1.66980875773
4339	1.60885323449	2.68618766926
4340	2.83109527858	1.84754778335
4341	3.41784033098	2.88334878675
4342	3.36468961578	2.6773197315
4343	2.29549772936	1.40197717582
6547	2.81986844738	2.73259872419
6548	1.50519316027	4.36108412088
6549	1.31754572812	4.17049769053
6550	1.51504698657	4.51036499288
6551	1.79192596748	4.26225984796
6552	3.42574521922	1.51621048915
6553	3.40962275845	2.74494005829
6554	3.40682276957	1.35227661439
6555	3.00843789851	3.39523668061
6556	3.36561893745	2.63618283855
6557	3.09950361118	2.77977930233
6558	3.22633069792	1.56252575564
6559	2.95175924214	1.38605161233
6560	3.23045047653	1.57612263545
6561	3.08485547083	1.41857750054
6562	2.72519132509	1.7128331517
6563	3.09690690418	1.42348098234
6564	3.42069455683	1.62325618991
6565	2.01198941406	1.86227412714
6566	3.33690192606	1.41238635121
6567	3.61909753733	1.76455443235
6568	2.73075628573	2.16850829584
6569	1.74320961951	1.51908943098
6570	3.05042721381	1.36994394025
6571	3.15532753143	2.11262315164
6572	2.38307958979	2.43803188359
6573	3.39496597594	3.59141374901
6574	1.6002688413	1.3545652073
6575	3.3094346498	3.15617371697
6576	3.383314047	2.35184657566
6577	2.85355734599	1.5108248316
6578	2.68384367589	3.77650628632
6579	3.28264108621	1.4159873981
6580	2.16183751846	3.32431507543
6581	3.10586439823	1.50457639811
6582	3.13694488325	1.36416823925
6583	3.26741157014	1.37324743096
6584	2.36402725464	1.84101097874
6585	3.34556402224	1.97157043328
6586	2.36926257823	3.1781970288
6587	1.72493503984	2.53952943139
6588	1.45835818024	3.7575393134
6589	2.19011048213	1.4292244979
6590	3.30532260966	1.38892305299
6591	3.08678934337	1.45605683615
6592	3.24797652869	2.83367106685
6593	2.70824639913	3.33213254936
6594	3.24752130796	1.85007259719
6595	1.64533690555	3.90609237543
6596	3.37790890812	1.38140830731
6597	3.55439962671	1.45281747502
6598	3.2242879547	1.6234500085
6599	2.99112961743	1.66732270604
6600	2.40857470575	3.83485064753
6601	1.54088135968	3.92447543473
6602	3.28776272054	2.64809962037
6603	1.57691253031	3.65541506682
6604	2.387394334	2.69629965848
6605	2.97507226322	1.49492722972
6606	2.47610629476	3.53292003137
6607	3.22178455235	2.21250338188
6608	1.96968305778	1.32071125782
6609	3.00579484417	1.49206328946
6610	1.60849555144	4.08247792324
6611	2.37600962103	4.00601617577
6612	2.37583091955	3.93341192663
7454	2.81092392415	1.57899114705
7455	3.40290665512	3.35272553903
7456	1.37768748144	4.24923154176
7457	2.98646378397	1.36976768246
7458	2.72093576695	1.33224915677
7459	2.35542729705	2.10093562257
7460	2.38368516792	1.42713195696
7461	2.38678875587	1.44644107163
7462	3.29215269282	1.32195947902
7463	2.46847749	3.39822560461
7464	3.25443875964	1.6849041259
7465	1.72928403216	1.40752824222
7606	3.54301326169	1.46921400489
7607	3.09113701159	1.96012915826
7608	3.30568844069	1.34545077931
7609	3.10326225808	2.02793247868
7610	2.79982726785	1.82558474508
7611	2.83803886162	1.32986490022
7612	3.18007287148	1.31909149557
7613	2.99399460289	3.50830193883
7614	2.99714124924	1.7734000999
7615	2.70922250806	1.69448562394
7616	2.60624301597	2.88205396235
7617	2.98728672541	4.09282990668
7618	2.39268489267	3.79388401247
7619	3.19399341937	3.43576917109
7620	3.33385742949	2.02618193951
7621	2.09919231169	1.83202609944
7622	2.99579545089	1.3505581164
7623	3.08729041652	2.00735439753
7624	1.82981306356	3.03128549161
7625	1.61171469889	3.6164894343
7626	2.99219375489	3.42421890475
7627	3.00765674723	1.60211038927
7628	3.26761857068	1.32173317767
7629	2.36831443274	2.06908567077
7630	1.97486342794	2.93426177577
7631	2.31938130923	1.39316997675
7632	3.22653668685	3.75483496442
7633	2.37581265216	4.09455710245
7634	2.40182350939	3.64170154475
7635	1.97054645281	1.78351278932
7636	2.82778881047	1.69898125465
7637	3.42542829748	1.79853533764
7638	2.36855396423	4.01736087485
7639	3.37418676728	1.82583174932
7640	3.23182992402	3.88278921336
7641	1.71126677826	2.95053083126
7642	1.85139793921	3.08080841595
7643	3.5683637772	4.39798395346
7644	2.98220347224	2.13406382615
7645	2.98408993887	2.62905834917
7646	3.42012678592	3.11945050953
7647	2.35572384732	1.73069502063
7648	1.47274063607	3.90386852652
7649	3.34702734633	1.53079009708
7650	1.49345802782	3.84693070668
7651	3.10287269875	4.04183218094
7652	3.13072929306	2.8747266902
7653	1.60277262265	2.94304579373
7654	3.35889659052	1.363747875
7655	3.41802447459	2.16277172339
7656	1.51161954232	3.92112815827
7657	2.3680948622	2.4910319979
7658	2.82316379804	2.0932930884
7659	3.38265889318	1.99418145992
7660	3.38063187338	2.19651604297
7661	1.75388717523	4.12226471051
7662	3.21987855284	2.33083315949
7663	3.22692827618	1.43083622267
7664	2.999905323	2.0247247852
7665	2.36854398375	2.20367644581
7666	1.70691778594	1.91484979233
7667	1.3305226801	2.66086959293
7668	3.38347163438	1.43471994914
7669	2.12682095252	4.53258706831
7670	1.71064549365	4.15476267951
7671	1.44613309278	3.36503286128
7672	2.40811809008	3.12593147811
7673	1.28640104336	4.41252866227
7674	1.51720770063	4.30813506801
7675	2.71263888932	1.79877576931
7676	1.58642918969	3.04077434144
7677	3.31337089218	2.87860370264
7678	3.00513302772	2.22170283498
7679	3.23009993067	1.83376714926
7680	3.42776675038	4.18627586732
7681	3.42336463907	1.4913131737
7682	3.44425615223	1.88917878949
7683	2.90483581611	2.97353246708
7684	3.38718421751	3.0434893712
7685	2.39098982666	1.38507300678
7815	1.54062581946	3.79442804341
7816	2.17379915694	1.33030019311
7817	1.4875904616	2.79148522858
7818	2.02925731458	4.05725384041
7819	3.22289401475	1.77550764983
7820	2.24346564464	1.80166556801
7821	2.2878208644	2.7986150468
7822	2.3253522042	1.95126854262
7823	3.23435139112	3.79116474593
7824	3.2412589486	2.97397637536
7825	2.38133855265	2.22038578521
7826	2.19663501221	3.23407222817
7827	2.98728235124	1.48936980059
7828	2.3411928845	2.88464414406
7829	2.37656962483	4.33395061275
7830	1.63460641406	2.1300027255
7831	1.54190352055	1.6037977352
7832	2.36934242206	1.32835959602
7833	3.22859657615	2.99714120031
7834	2.38474492966	2.89719340587
7835	2.40197090643	4.29556726707
7836	3.22369055186	2.7412320625
7837	2.6906764384	4.1321105365
7838	2.75334347894	3.31553853623
7839	3.00348998327	2.29457260784
7840	1.56464659988	1.40305348169
7841	2.2306708697	2.76811979853
7842	2.36792519406	1.40457025757
7843	2.02407694442	2.57421006209
7844	1.80563800283	1.39595529829
7845	1.53781487707	3.84418272217
7846	1.7125093475	4.14836449484
7847	1.66894398683	3.43074224699
7848	2.21531713979	1.53095467106
7849	1.99040453841	2.60936876184
7850	2.37514589722	3.16178425562
7851	1.79059127302	3.87725623664
7852	1.33830885129	4.06412176696
7853	1.51141401654	3.90109004767
7854	1.59991115825	3.3630612028
7855	1.51525184522	4.19154485198
7856	2.3770995057	2.29936962982
7857	2.94456334857	2.5745980966
7858	2.36784535023	4.28899791865
7859	3.27971443802	3.43778159868
7860	2.41507585667	2.48391585011
7861	2.36017210124	2.87042452378
7862	2.37853775377	2.52426976976
7863	2.36820464747	2.51440179386
7864	1.53807041729	1.52751105196
7865	1.56311335858	1.40391878967
7866	2.99358531925	1.72869192122
7867	1.97745361302	1.74236239463
7868	3.21808066023	1.3984673776
7869	1.83499343372	1.44187761671
7870	1.51576873913	3.05982431427
7871	2.26351079203	3.23168773973
7872	2.59452970882	3.30192427464
7873	2.40729618188	2.84388377595
7874	1.65499434789	3.4970642399
7875	1.8643488646	3.51341945777
7876	1.55493607163	2.11973871983
7877	2.37990030458	3.61439458317
7878	2.23792124217	4.11937213601
7879	2.20636079733	1.4069772106
7880	2.31895481673	1.37960802105
7881	1.58049009336	1.68236691478
7882	1.62816811917	4.51467994194
7883	1.87643639497	4.08362719622
7884	2.36804495981	3.82772590155
7885	1.86693904968	3.28932402736
7886	2.98335322833	2.69022802402
7887	2.98269837451	3.89942367091
7888	1.51770470933	3.11621437735
7889	1.78058106453	4.08075445785
7890	1.53014867055	4.28721165023
7891	2.21403766229	4.19799126787
7892	2.9441635767	4.34057217537
7893	3.22041906016	4.46553913834
7894	1.9040650358	4.50420581298
7895	1.5186047402	2.59957679325
7896	2.98474479269	2.14347378884
7897	3.44896311592	2.29971271834
7898	3.07286568502	4.51221390149
7899	2.36869369094	3.81459881464
8002	3.39542140396	2.26502269199
8003	2.99072033379	1.36241265708
8004	3.50111498496	1.90234169072
8005	3.37007470081	1.53841525822
8006	3.28424463772	1.70891602076
8007	3.25864482105	2.77894494111
8008	3.36540154555	2.19262244801
8009	2.37469914353	2.24357093675
8010	2.99497806108	3.93956455784
8011	3.39079864399	1.66567007523
8012	3.57327274761	3.03083400416
8013	2.63991877405	2.09604013741
8014	3.38094387903	3.70212856892
8015	3.04658061874	4.23800288596
8016	2.72977423386	3.5401260065
8017	2.39489584833	2.29286219829
8018	2.66236927943	2.65727190968
8019	3.00291698618	3.68774621924
8020	3.00482533573	2.51743383085
8021	3.50945157992	3.80314059141
8022	3.55515871771	1.84352039737
8023	3.38132499328	1.55418991661
8024	3.30323579089	1.80432204051
8025	1.47920822414	2.11726018685
8026	2.36849408136	3.63854257019
8027	3.56274962772	1.92802942095
8028	3.34117404996	4.25751896618
8029	3.34038248775	3.33702616817
8030	3.22471467101	3.76566124219
8031	3.00450216625	3.67234819686
8032	2.34534458816	4.36894501293
8033	3.00635496873	2.99178126052
8034	3.07767392886	3.98226940213
8035	2.63357406601	3.13660397847
8036	2.98206383727	4.03157505562
8037	2.78509648967	1.39857278772
8038	1.75989330032	3.7165929637
8039	3.0536327097	2.83324627746
8040	3.38445557468	2.79693590299
8041	3.38836451807	2.21152047956
8042	3.37812298332	2.00534173758
8043	3.3996072904	1.90658508321
8044	3.02125720123	1.72802528724
8045	3.28117776212	3.31992440773
8046	3.39707801967	1.42811455047
8047	2.3262051892	1.32027671487
8048	2.98899003129	4.29855723214
8049	1.82376929838	2.95185349661
8050	3.36897720774	3.02857745508
8051	3.3827362266	3.78301582815
8052	3.05491490805	2.09237847122
8053	2.71312694378	2.07118869107
8054	1.95845892244	3.66017138117
8055	2.39533803946	3.01417059467
8056	2.40027584043	3.64433565188
8057	3.35589430358	1.88213237403
8058	2.98326079189	4.4301490234
8059	2.85625621284	3.78899039852
8060	2.24517161463	1.35510688031
8061	2.78738794406	2.89762702722
8062	3.38294575682	2.4686327834
8063	2.78313238592	2.2482427839
8064	3.24566987088	3.27098028349
8065	2.75923579021	4.1460396586
8066	2.98055680669	3.89664756054
8067	3.40618526256	1.49629129376
8068	3.09667128426	3.11021211518
8069	3.09892535782	1.53858227219
8070	3.38058998722	2.07239171963
8071	2.99571359417	2.34938402656
8072	3.31556587832	3.94628469047
8073	3.0023088654	3.00788665961
8074	2.98626521989	3.16927823738
8075	2.00508225385	1.71501762527
8076	2.91857817735	1.72469965324
8077	3.16934989079	1.59466910212
8078	2.99900828512	3.94908726225
8079	2.89066676516	2.64094315635
8080	3.31227339911	1.76850113528
8081	2.37884054284	2.48803311981
8082	2.36938234398	3.62697790087
8083	3.11004943732	2.94128709534
8084	2.25753989706	1.4941714888
8085	2.76087254334	2.86183808515
8086	3.09947130089	3.70748071912
8087	3.06389029654	1.64473094074
8088	2.20721378233	1.36068318755
8089	1.50798723942	4.19681863284
8090	2.51633090168	4.36773499359
8091	3.37718191967	2.70279075323
8092	2.75301612831	1.43994388797
8093	1.61350311413	3.78518757022
8094	2.07070027583	3.27435296967
8095	1.58146719903	3.66281585046
8096	1.92996688658	1.77059749408
8097	2.62234881332	2.17811188278
8098	2.28227646193	1.86816904043
8099	3.42748759409	1.62112809334
8100	3.3921601085	1.37895014601
8101	3.38415612776	3.21124224621
8102	3.42867657572	1.90685079855
8103	2.9213765804	4.38286948266
8104	3.34078648011	3.67287833417
8105	3.53845871568	1.84628759689
8106	3.37729607114	2.84814913751
8107	2.6169802142	2.12501818503
8108	2.93137087702	2.92768930554
8109	3.10075349925	2.59212537702
8110	1.85485151932	2.60505691835
8111	3.38423330673	4.2238498743
8112	2.98284017197	2.38269466224
8113	3.38808033689	2.56259656078
8114	3.23874989745	4.17984251054
8115	2.92017726481	2.55835162934
8116	3.38075026318	1.44148983854
8117	3.25483792843	3.80641170492
8118	2.54188703019	4.30334425528
8119	2.99822284332	1.44110259327
8120	1.99472151354	3.30629522464
8121	1.99385811851	4.29257878232
8122	3.11079330922	1.59819190066
8123	3.10529288529	1.45823535818
8124	3.09209866035	3.95694233848
8125	2.98103751517	2.81419203956
8126	3.00122727132	2.90892196585
8127	2.28312944693	2.98776690124
8128	1.70256879362	1.5409266851
8129	2.38254970892	2.84686890731
8130	3.36422495494	1.98282857675
8131	3.56123144572	1.73382048623
8132	3.47529639141	2.22203224546
8133	3.42657347625	3.74943070738
8134	2.79949991722	2.96333891932
8135	3.38064443211	3.11436646163
8136	3.0017079798	2.92856486514
8137	1.93773744182	3.28497172923
8138	2.893365632	4.44537895821
8139	2.36165485255	3.26424361535
8140	2.97533527561	2.5940842036
8141	2.3697017193	2.88248551127
8142	2.8026855475	3.86289820852
8143	3.23355991738	2.19197434448
8144	3.26361787299	1.37810856995
8145	3.36515135497	3.41570347943
8146	3.31885835753	1.39564368648
8147	2.39415886311	3.64275500997
8148	1.59239981421	4.1078166411
8149	3.00104700564	1.77574211811
8150	3.56452084006	1.80456389328
8151	3.64093159221	1.49674704759
8152	3.59413587186	1.34793117694
8153	3.00999604739	2.73917413726
8154	2.98875577234	3.16740332084
8155	2.98769163488	1.32353758598
8156	2.23578877968	1.3433824562
8157	2.99984523444	2.23393045796
8158	3.36701291996	1.37904395052
8159	1.80995497796	1.59707712869
8160	3.32286914729	1.32053673009
8161	3.00831953019	2.71622650929
8162	3.08938417724	1.53326492415
8163	2.31255742927	1.38026879749
8164	2.98777349161	1.39888937337
8165	2.41167969231	3.19704330234
8166	2.98638192724	3.25320142681
8167	2.21019922981	1.36501340867
8168	3.00897869555	4.06813199507
8169	3.27345420978	1.40424425717
8170	3.12379025264	3.33360001328
8171	2.91178205564	1.33368568291
8172	3.37696178976	1.60964641613
8173	3.39206903607	1.32710541371
8174	3.37235651957	1.54649872038
8175	3.22750494063	2.82688154205
8176	2.49829918134	2.39307695288
8177	2.97971881547	1.37243641841
8178	3.63387751294	2.1222210424
8179	3.46429958305	1.44578470858
8180	3.18308598954	2.55642448354
8181	2.69994947323	1.85311018982
8182	3.17594864814	3.74511156503
8183	3.32999605218	1.97241150776
8184	3.38361044867	1.32391885293
8185	3.38439089411	3.15197140855
8186	2.84411131202	1.46084204118
8187	3.00938366764	2.61604661248
8188	3.39589407809	3.70266351748
8189	3.39798874396	3.05618769514
8190	2.79655376159	1.74078246065
8191	3.39644051266	1.7603942223
8192	3.3568950659	1.62694886857
8193	3.51748130925	1.46780387452
8194	3.440137559	1.9372722593
8195	2.99088404725	3.56595637168
8196	2.55353313377	2.80576197738
8197	3.29244536295	1.78730359871
8198	3.42837014978	1.65299067717
8199	3.42601666794	2.09756834819
8200	3.25125742594	4.2209056231
8201	3.00375099084	4.10839385333
8202	3.28683434042	4.24213727223
8203	3.2449604908	1.6271438122
8204	3.55844811205	3.53909587094
8205	3.39443691923	2.04142409695
8206	3.4248377879	2.80323757729
8207	3.08782838205	1.36906501981
8208	3.22363365636	2.04496425543
8209	3.3653188975	1.94329098299
8210	3.42042714856	2.09909803927
8211	3.29417183142	4.05382307459
8212	2.24773056961	2.63143104732
8213	3.26913803861	1.37460812544
8214	3.35039011087	1.55384555059
8215	3.42253599286	1.73493953653
8216	2.17651771114	4.26581799621
8217	2.98058762485	4.49436344131
8218	3.38928847338	4.41070870848
8219	3.07254513544	1.85590214008
8220	2.20252236485	2.76272223756
8221	1.57129064553	1.78374927082
8222	3.42244392106	1.3475723935
8223	2.51563737398	4.33455227693
8224	3.21979320958	3.0904297704
8225	3.37165952831	1.61364075571
8226	3.37731695915	1.425543325
8227	2.83208721902	4.48146833247
8228	2.75465288144	3.178667031
8229	3.40736920414	3.36207572884
8230	3.52859053267	2.09359807922
8231	3.22427080862	1.84880945012
8232	3.1742989588	1.59968157919
8233	3.38193416112	1.39164122777
8234	3.38475796155	2.24290447742
8235	3.37049787622	2.91807378194
8236	2.3450480379	1.73047221718
8237	3.3785483037	1.92694820379
8238	3.23837553238	2.57770450425
8239	2.93936631432	1.35425698254
8240	2.97961811641	2.71663466002
8241	3.37326890132	3.94964795424
8242	2.36968175835	1.59875008602
8243	3.21635103135	1.6259750386
8244	3.42060248503	1.8437716649
8245	3.25922790071	3.2273993909
8246	3.11598383217	1.38842442428
8247	3.26716409444	1.94466287157
8248	3.42446950069	1.68979094686
8249	3.16893746846	1.62480839663
8250	2.93097110516	3.4337576909
8251	3.55667689971	1.81355407216
8252	3.17388653647	2.96998333251
8253	3.21797255332	2.43986367838
8254	3.29461380258	2.57227077777
8255	3.22383279063	1.33013651418
9394	1.79959423765	1.65116903773
9395	3.11569470549	2.79358045757
9396	3.2189113292	2.99758824684
9397	3.43984337377	2.28535398233
9398	3.37873886083	1.94796144381
9399	3.4905962987	1.7362843509
9400	2.39718050251	3.09639893289
9401	3.38944241788	2.52655267935
9402	2.37407443407	3.08401263269
9403	1.72058604752	4.12863358509
9404	3.51447680359	1.73359685381
9405	1.68330897049	2.32283453477
9406	2.99527850388	1.66237618237
9407	3.00585409043	4.18686107321
9408	3.28483607235	2.48653510186
9409	3.38483073566	3.69200271298
9410	3.09054068398	1.52295786309
9411	3.00676425237	3.30386632697
9412	2.98138456062	3.65594330934
9413	1.61457616328	2.44536794459
9414	3.42425155656	2.96643798753
9415	1.61743762768	1.69235302716
9416	2.05170558526	4.38830642886
9417	1.30975955693	2.10923112651
9418	2.98025636389	4.35625162268
9419	3.22217094641	2.616833367
9420	2.20380184235	2.25627866554
9421	3.43259666944	1.42012148642
9422	3.22303487503	4.04810986856
9423	2.99096590398	1.60492529704
9424	3.2639586332	1.88891704138
9425	3.3984441061	1.44749433156
9426	2.47888040558	2.34692437886
9427	3.03600248231	1.73808075261
9428	3.11656208554	2.74164382518
9429	2.20977273732	3.70640981538
9430	2.37067609538	4.34117449088
9431	2.98368065524	3.49349461847
9432	2.36977158266	3.2345493035
9433	2.33348257769	4.33274746204
9434	2.38201982805	1.40240698762
9435	3.00639488747	1.74848360413
9436	3.10749305486	1.40413570879
9437	3.38289381398	2.1567372656
9438	2.99197363308	1.71589307265
9439	3.20217399173	1.44252509792
9440	1.65785581229	3.10375933166
9441	3.02895039136	4.39919470986
9442	1.64962910215	2.62077069234
9443	3.2103545641	3.34045522447
9444	3.20035608676	3.29319676324
9445	3.43191479851	4.13732996046
9446	3.50686324417	3.81350643025
9447	3.03760523026	4.47594985091
9448	2.41341483186	2.61250914814
9449	3.3027617925	4.42345957613
9450	1.43545495537	4.20796850386
9451	1.81081837299	4.26878474809
9452	2.66529760622	1.84779999828
9453	1.99990188369	3.64960830708
9454	3.55971326372	1.97072989171
9455	2.80292092969	1.79063431036
9456	2.3690430077	2.10308216391
9638	2.69946141876	1.48507064393
9639	2.99915157672	3.04394208341
9640	3.22865826954	4.25100644142
9641	3.06998073873	1.70328708475
9642	2.73206568824	2.22698050806
9643	2.98949248288	3.52367225934
9644	3.21948028428	4.03499196575
9645	2.74254090828	1.46402609909
9646	3.11167337705	3.68827807372
9647	1.71002420903	4.20092397268
9648	3.39985157011	1.85336370742
9649	3.21908201573	1.31791288598
9650	3.00430855054	1.40544219733
9651	3.22252419395	1.40511477583
9652	2.58135223827	3.84748048122
9653	3.2903235377	1.7309178833
9654	3.41314466911	1.39668446496
9655	3.55591780871	2.67289650966
9656	3.38385185918	3.05210102837
9657	3.41645925396	4.02929829978
9658	2.62722935796	3.58724773169
9659	2.60331468919	2.1271970563
9660	2.1650997835	2.31210334043
9661	2.75890843958	3.53703631035
9662	2.91138228378	2.12128972734
9663	3.38361167883	3.40371083496
9664	3.42850544388	1.68321170442
9665	2.99170261452	2.28195063086
9666	3.09754800336	3.08859511824
9667	3.32288249879	2.54067772521
