383	3.02318049876	1.58768763197
384	3.527325381	1.96068495996
385	3.56730417373	1.32182352058
386	3.64227522635	1.36232970927
387	3.43190037255	1.33380220373
388	3.51002676564	3.42622502116
389	3.37885602647	3.12964009941
390	3.22209747764	1.93618102495
391	2.99431708692	2.41580318154
392	3.44660963408	2.30211599592
393	2.37876484557	4.30095027001
394	2.99301232216	1.44987802208
395	3.38137943818	1.46097982714
396	3.58513609277	1.95513760121
397	2.46292926835	2.34516926401
398	3.03472028396	1.44841904264
399	3.08889316446	2.87903477786
400	2.38005169911	4.07673511105
401	1.54905864663	2.06698555188
402	1.76656677265	3.10191781087
403	1.52074694822	3.43275230608
404	2.39519064241	1.74962189843
405	2.41286689305	2.05921051236
406	2.50315387528	2.53799920194
407	1.51632187347	1.83775758675
408	2.40784412068	1.4002674026
409	2.98539964651	2.44573536937
410	2.19825743988	3.47163059722
411	1.58132125813	3.97381372481
412	1.58628324879	2.7660426293
474	3.25262085467	4.32132934309
475	2.10868965697	1.37370006591
476	3.37699662423	1.34031673863
477	2.91577977429	1.4679446211
478	2.68335562142	2.09176902249
479	3.25230151208	1.49161304237
480	2.81021777758	3.87283411855
481	2.48442862723	4.1014712146
482	2.36985142649	1.92317140449
483	3.38377501351	1.34156652928
484	2.01975996929	2.07872316277
485	3.08490470215	1.36959166153
486	2.99816929599	1.55782005949
487	2.82944204453	2.81334796752
488	3.18535837075	1.59190304452
489	1.58453195797	1.92424930576
490	1.85312472927	1.33853125825
491	2.71459110718	1.478787693
492	1.3631049895	3.92670813661
493	1.4968109228	3.35862843515
494	2.72944688323	3.87559749826
495	3.42807596455	1.33035487118
496	3.51551682478	3.09685851372
497	3.36933622414	1.64273147002
498	3.53339810901	2.77352736638
499	3.21726718499	1.55505186785
500	2.76676485461	2.02997746855
501	2.6989733643	2.48840777233
502	1.74254227228	3.06483085326
631	2.99143283604	2.68416971233
632	3.36770991121	1.35033627377
633	2.82245765147	4.15127187241
634	3.37364687553	2.23127977896
635	3.08472601981	1.5157325307
636	3.00783701291	1.38342296657
637	3.40928172515	1.47361174795
638	3.42647805834	2.1463071694
639	3.3356070747	2.42124882756
640	3.39357436716	2.99490685585
641	3.3813005129	3.02451939712
642	2.99964271708	3.96537137026
643	3.37892941796	1.44460698546
687	3.3623663116	1.41505264814
688	3.00897438401	1.77903089126
689	3.28886021361	3.29561914756
690	3.26032539378	2.40964755512
691	3.43026694377	3.53394874584
692	1.58978583043	2.62313592974
693	3.63085433611	2.48354190814
694	3.61540254343	3.97888553247
695	3.38282222786	1.43434161772
696	3.41792826854	2.09024643689
697	3.30150932242	1.54480341543
698	3.4025386469	1.33084963833
699	3.24307685358	2.86870531515
700	2.99936452596	2.37165141901
701	2.993896467	3.11713869048
702	2.98834369233	2.46270051503
703	3.00256314938	2.19944183476
704	3.40709598685	1.71545523054
705	2.76545545211	3.77162579066
706	2.05688595541	4.45331314975
707	2.10782626195	4.4350185761
708	2.7087344536	4.34659799504
709	1.77257289774	4.00205112665
710	3.54959205037	2.08750951318
711	3.38924351412	1.68448066526
712	3.38140666063	2.64292913862
713	3.12234461922	1.33691487922
714	3.2731294796	2.77727692922
715	3.53896477635	3.1449782194
716	3.42318049547	1.56480017255
717	3.39049660987	2.59134226087
718	3.40689462795	3.80096103332
742	3.09891239352	1.3769939293
743	3.51609461433	2.22302083216
744	2.366696207	4.5011284435
745	3.2539842834	3.59193476763
746	3.3956208608	3.54631179374
747	3.44278522608	1.75763140715
748	3.21848461289	3.66599116762
749	2.9065850214	1.47820879841
750	3.53112083601	3.0249700556
751	3.52707235067	3.30240969891
752	3.21652171787	3.15851040519
753	2.98209497442	2.87085447396
754	3.41719582837	1.4682262919
755	3.36678058954	3.15710821463
756	1.55672485315	2.49516164297
757	2.3693723635	3.35370876292
758	1.48284052704	2.54374244739
759	2.81680847891	3.61177735154
760	3.28597110619	2.18518838265
761	3.38500002362	1.4426547718
762	3.37833052412	2.0726926248
763	2.99065168477	3.57321540104
764	3.43225573397	3.65066354867
765	2.76643750398	1.77246495056
766	3.35288064271	1.42996712741
767	2.91538000243	1.94686097233
768	3.48007761244	2.08933359607
769	3.42612679312	1.3448940158
770	3.38284945031	1.50395676545
771	3.29068936873	1.55195577122
772	2.44489754801	1.41447035382
773	3.25576149879	1.52800139881
774	3.6077331633	2.41507810201
775	3.62581570806	1.37415390596
776	3.44543289315	1.31917461457
777	3.58963598231	1.45687200554
778	3.55414659638	1.87512912434
779	3.21956562754	1.59208703387
781	3.28520190337	1.65258545392
782	3.37879330572	1.42047921195
925	3.40983008425	2.55295935148
926	3.02446269712	1.43096061598
927	2.98109760373	4.1020477755
928	3.37789496497	2.17939638748
929	2.98332088045	1.73203308479
930	2.04393503002	2.16531894265
931	3.37882052817	2.42343081635
932	3.43117610501	1.63046691343
933	1.64676763775	3.75321306558
934	1.68827924743	4.44903964931
935	3.37873763668	1.34887094173
936	3.22454398448	1.73449173877
937	3.12350112596	1.70935031013
938	3.40390845184	2.14190176095
939	1.28510334816	4.50790061037
940	3.50254935126	1.54666857655
956	2.82646622323	1.76919938863
957	2.38118715811	3.45846360479
958	2.9914929246	1.3608467739
959	3.08748203583	1.48345295605
960	2.74679646642	2.28467283834
961	3.21829712964	4.12921292896
962	3.03279698643	1.42860726832
963	2.27801153695	2.12160010648
964	2.52326617874	1.69256691873
965	2.98900134252	1.33960976356
966	3.41939394679	2.05296078728
967	2.2882473569	1.33351134576
968	3.00218868828	1.58223634157
969	2.3489031913	3.02271735532
970	3.54630265603	1.53992051561
971	2.83770821481	2.95759120452
972	1.49988440987	4.208555933
973	1.5130165819	4.53073229768
974	1.64247544115	1.4070872985
975	2.18902306045	2.94612579558
976	1.66787093768	1.95182055473
977	2.62625324903	2.21283113441
978	1.34479732728	3.05028627154
979	3.00741910619	3.21266512325
980	2.38482062693	4.15185352556
981	1.7779116756	3.83704489027
982	1.53934811837	4.50482146452
983	3.22039061241	4.33034187115
984	2.2498630321	3.81241428271
985	3.06966018914	3.00564520967
986	2.37573695489	3.90498033255
987	2.33763428136	3.97099812632
988	2.94256448924	2.69225042187
989	1.53909257816	4.18861704616
990	3.58022712236	1.83426512497
991	3.5670511434	1.32613409021
992	1.56541322054	3.05709649465
993	2.3682844913	3.80423072573
994	1.63424873101	2.62668778267
995	2.98734681397	3.06802056299
996	2.39585392911	4.38891083006
997	1.91874275124	3.65911400794
998	2.80998239539	2.62708272905
999	2.82363456242	2.14410301447
1000	2.47818687788	4.18218108403
1001	3.5847270119	1.64513154543
1002	3.33938172543	3.99356436287
1003	1.49653151489	4.00488300853
1004	3.27086450708	1.47893256468
1005	2.28270295443	2.11200588689
1006	3.37781117674	1.52425491964
1007	2.2136111698	3.86455286125
1008	2.36881345668	1.74734679014
1009	2.82128074052	4.30873418606
1010	2.37505567949	3.44332065955
1011	1.46698765374	3.33898527364
1012	3.34373486712	2.442430678
1013	2.99972505732	1.69384552263
1028	3.58309068843	2.40098639147
1029	3.29544517203	1.61306853704
1030	3.37748662827	1.72602858276
1031	3.00963966971	3.6301290594
1032	3.5460496257	2.66567396469
1033	3.00144356509	3.92224368024
1034	1.3279272897	3.91332642733
1035	2.39894926703	3.12176380889
1036	1.63102958357	3.35420046369
1037	1.65105983434	3.36601904579
1055	3.33532075358	2.74782737091
1056	3.52175695193	2.36420284223
1057	3.37805829965	2.97087026088
1058	2.98902929365	2.51933077837
1059	1.92564991145	3.89720266419
1060	2.9693492042	2.15705433573
1061	2.85018376243	4.47840191726
1062	3.22445864122	1.42749998544
1063	3.43234077135	1.72293075795
1064	3.37884775062	1.89600502389
1065	3.11627295886	1.53891647777
1066	3.36863923288	3.45593607981
1067	3.5214102782	2.02123365452
1068	2.23493579468	3.63959532486
1069	2.70531807234	3.52059393195
1070	2.98193928867	3.42121150652
1071	3.09915075131	3.70426871845
1339	3.39277373689	1.3250361046
1340	3.41071903595	1.32150835663
1341	3.53618144268	2.41218015239
1342	3.38165166265	1.77106400293
1343	3.29719315124	3.51085995815
1344	2.47402571164	4.25396579176
1345	2.2873943719	1.68194487523
1346	3.37962338148	1.3942995267
1347	3.0005062086	3.54682766089
1348	3.41434160253	4.41981380653
1349	3.24276550466	1.49176306552
1350	3.40035662711	3.06255426553
1351	3.35141731861	3.26664823598
1352	3.39716909209	2.0437832552
1353	3.11189339401	3.26712933774
1354	3.38453655043	3.46960230073
1355	3.37876608327	2.01688173166
1356	3.51528570896	1.35881896806
1357	3.38576225213	2.23658492656
1358	2.74745116767	1.85997594852
1359	3.3742388245	3.88002198484
1360	3.007173536	3.03399565979
1361	3.56300265806	1.33999449814
1362	3.58922690144	4.20327120234
1363	3.43160618732	1.40058683044
1364	3.57777263715	1.65563040151
1365	3.42839179872	2.01052301088
1366	3.30453064224	1.67313675687
1367	3.2199638961	2.15832320838
1368	3.27000127284	2.58509741039
1369	3.40345308969	1.91191064026
1370	3.38571329135	3.44382456582
1371	3.09222509613	3.83430223487
1372	3.44484452269	1.34324646279
1373	3.54427841336	3.12407858856
1374	3.38347556659	3.29077585922
1375	3.53997689769	1.32246255268
1376	3.41895622241	2.19294658858
1377	3.50628805845	1.44762625551
1378	3.53972386735	1.34038136437
1379	3.4160143701	1.35754059396
1380	3.42130970425	1.57881142098
1381	3.37759551806	1.42542153703
1382	3.59168138665	1.97550000685
1497	3.247621616	1.77363403527
1498	3.21899667247	3.57062155828
1499	3.3822893305	2.60544860806
1500	3.00393125652	1.67397112515
1501	2.51910501251	1.46360901082
1502	3.38508169096	1.98395960178
1503	3.52221918357	1.50225766064
1504	2.17543028946	1.32715712812
1505	3.49298690921	2.20498141628
1506	3.28703105849	3.80150583402
1507	3.21794410557	2.43693351726
1508	3.40727813171	3.74025705964
1509	3.23846156522	3.16272017437
1510	3.22530075327	3.09364269136
1511	3.55768902105	2.58977762775
1512	2.98672784494	1.77386802984
1513	2.95055992654	1.35212593633
1514	3.00789710147	1.32618467959
1515	2.98356123469	1.37082878191
1516	3.39195751744	1.34203318029
1517	3.00902653895	1.54751750108
1518	2.74352296015	1.47604638143
1519	3.37518594285	1.87254628244
1520	3.3488889674	1.76943225818
1521	2.25796638956	1.50722040634
1522	2.92817270211	2.21676878333
1523	3.36990497595	3.24219056159
1524	3.00669533027	1.62267508939
1525	3.22635161173	2.52008997186
1526	3.34213382179	2.7806139004
1527	3.38176055244	1.60605499052
1528	3.38225055648	1.75786131608
1529	2.99440388653	2.29868363042
1530	3.37936497711	3.04258412443
1531	1.57563482923	2.08053694272
1532	3.34863877682	2.16563761152
1533	2.76218194584	1.9738144828
1534	2.96215331063	1.60530162468
1535	2.98987053349	2.76438195973
1536	3.36840690246	1.84402299165
1537	3.0020984189	1.38246034834
1538	2.9293720177	1.49553288828
1539	3.21746049375	2.3045221749
1540	3.33662962908	2.14788334214
1541	3.09594525542	4.10435461119
1542	3.42566643411	2.28569464314
1543	3.41395507349	1.40998995085
1544	3.39159699596	1.994751591
1545	3.62951070196	1.36175073251
1546	3.4188531208	1.4908638148
1547	3.22468622325	1.81575312938
1548	3.22839058722	1.81160338107
1549	2.9041610994	2.19554184486
1550	3.32812314942	1.95541440663
1551	3.53795265502	1.3324195859
1552	3.42023419782	2.14819875433
1553	3.59372679099	1.96291053524
1554	3.38460101062	1.55660711046
1555	3.58881782058	2.05682636448
1556	3.33387753272	3.38876799134
1557	3.34775900838	1.79158857632
1558	3.56603902206	4.00714957985
1559	3.06324919736	2.05118004982
1560	3.23615490742	1.83103251651
1561	3.38617058884	1.49689908396
1562	2.99293046543	1.69855197431
1563	3.39924581196	1.53908366938
1564	3.41590682315	2.08599107244
1968	2.40123392121	2.42379468839
1969	2.36759583826	4.2604815732
1970	3.38339284069	2.84047575
1971	2.3757187915	1.8686831219
1972	2.55255702484	2.01312084183
1973	2.98228179732	3.70533914849
1974	3.3780855221	2.16914687702
1975	3.38170610754	1.43497246614
1976	3.37003321539	3.1435811803
1977	2.39799118625	1.33575899242
1978	3.43866663285	3.95469684674
1979	3.34044238791	2.53685215158
1980	3.38421057266	1.74258833633
1981	3.42714170203	1.42664208131
1982	3.22229661192	3.93732640843
1983	1.62351823952	4.04639706139
1984	1.48256111912	4.23328142582
1985	2.36864378854	4.26641122816
1986	2.63796655619	2.58665653544
1987	1.81599874315	2.87601849477
1988	3.37509286964	1.39825673499
1989	3.51146472994	2.44978094996
1990	3.21932707429	1.55608816334
1991	3.37708017956	1.32079887696
1992	3.38234168857	1.35175027738
1993	2.91817840548	2.04201353124
1994	3.40600311771	4.03328324423
1995	3.22295091026	3.76295245228
1996	3.37630100613	1.51113974019
1997	2.90618524953	1.44007254457
1998	3.43013526117	3.17537825907
1999	3.4015992938	2.01862090207
2000	2.89943808241	2.0423083372
2001	2.74221355765	1.74485101004
2002	3.22898809005	3.06847647266
2003	3.41839276179	2.82433937827
2004	3.39398155708	3.66705008037
2005	3.31877400712	2.65807098036
2006	3.09526722485	1.54598950717
2007	2.98103387743	1.37109538905
2008	3.38294634311	2.02356012758
2009	2.50731504151	3.33800560248
2010	1.73520145272	3.39424084631
2011	3.40498144399	1.54395798341
2012	3.36817457205	4.19213059078
2013	3.42843229601	3.22073815925
2014	3.52013914119	1.93155384833
2015	3.11540557881	1.90977757525
2016	3.21842771739	1.34110277968
2017	3.33641824665	4.45392388666
2018	2.36909291009	3.27242536515
2019	1.51105071953	3.31261728645
2020	3.06933963955	1.65868867188
2021	3.03151478807	2.79945497398
2022	3.09409717534	2.32874354191
2023	3.41636718216	3.06619751644
2024	2.05602256039	1.80094231897
2025	2.62039659546	2.88939834686
2026	3.37672501017	2.34762683928
2027	3.27259097555	4.12979233204
2028	3.27495863472	1.39255687843
2029	3.5695910198	2.7831191157
2030	3.38305140136	4.29676307546
2031	2.99101221613	3.48331168743
2032	2.50662151381	1.80650084712
2033	3.34410069815	1.64373046523
2034	1.62888348527	3.57529154108
2035	3.10268400471	2.48167308647
2036	2.0499787952	2.66327071299
2037	3.32512086249	1.69107092118
2038	3.38747626865	2.48728399241
2039	1.66644020548	4.44659895173
2040	3.32141917469	3.54889172161
2041	2.33047011417	3.84088709476
2042	3.0902515573	4.12631680172
2043	3.37963720158	2.20890201206
2044	2.98500336013	2.82179934612
2045	3.31684507342	2.06428966231
2046	3.33763039139	1.80480580527
2047	3.10815310573	1.90287128581
2048	2.58769694631	1.75076167304
2049	3.38203965445	1.44552257784
2404	1.86607565466	3.24984697803
2405	3.24422882875	1.3452415489
2406	2.37499697933	4.4313660563
2407	2.56719865879	2.91327676717
2408	1.51881097802	3.44432853129
2409	3.2230798989	3.31894935514
2410	1.53270407272	3.84473220065
2411	1.58307254895	1.73002678792
2412	2.1294111376	4.31952843621
2413	3.30808730006	4.35987564105
2414	1.63210263271	1.87461208226
2415	2.68042729464	1.47161960473
2416	3.27125438062	1.37012043488
2417	2.98037654101	3.20650317154
2418	2.39460105424	3.35469222367
2419	2.18793563877	3.07806425373
2420	1.65034446824	1.57809310884
2421	1.40552678425	4.49928273235
2422	3.32690664004	1.75213135657
2423	1.55468053141	3.11482835174
2424	3.07094238749	3.80477588171
2425	2.36462035516	4.46248042073
2426	3.04049017656	4.37197109751
2427	3.00543347051	2.64173737162
2428	1.61064164974	2.24690678619
2429	2.37725090023	1.37469914697
2430	2.54914064359	2.61290196289
2431	1.58248878534	2.2687341375
2432	2.97947521261	1.60869923169
2433	1.45116695232	1.40402721962
2434	1.50072263362	4.18276587544
2435	3.00357072516	1.7376312969
2436	1.88593374025	3.2912599216
2437	2.22640594473	4.41374226085
2438	3.01997500287	2.82857750216
2439	1.54164798033	4.47472417301
2440	1.62637970392	3.7683715124
2441	2.41131439977	4.49313421067
2442	1.51441362147	4.08995243133
2443	1.76256268925	2.69346457112
2444	1.5590247151	1.95347801215
2445	2.42478524455	4.46492727639
2446	3.02606544506	1.95458416801
2447	2.43588168784	3.66122899125
2448	1.49904618613	4.49989791019
2449	3.54250720102	1.68723739313
2450	1.35517888887	4.53320544361
2451	2.31468989176	4.17166496406
2452	1.28380565296	2.30005586607
2453	3.33861323279	3.36897902042
2454	1.45044782953	3.20082409796
2455	2.37588834943	3.72357269713
2456	1.5352594749	4.13558961956
2457	2.36774554544	2.35360731568
2458	2.35305489496	4.05267995969
2459	1.66286337498	3.53137740375
2460	3.2683736763	1.40841297183
2461	2.5711030945	4.1141692323
2462	3.00651506459	1.55816714927
2463	3.04978611463	2.55950862737
2464	3.22278022374	2.61133105919
2465	3.0392079782	3.61230067945
2466	1.46483028537	2.56414194858
2467	2.60087441686	1.85234999229
2468	2.08365120122	2.47980574511
2469	1.48703164577	1.35433394991
2470	2.94176494551	1.52636898173
2471	2.46223574065	1.42505652838
2472	3.41646259029	1.95016522895
2473	2.36838429609	3.96368449808
2474	2.96055422317	1.52996811534
2475	2.53229447035	1.9936115657
2476	1.64891373605	4.33334900779
2477	3.28008026905	1.36880249832
2478	3.09429933087	2.39702808983
2479	2.53624434793	3.78573065377
2480	3.40582097285	3.78464454588
2481	2.82104535833	2.02530746929
2482	3.10460009431	1.33486154935
2483	2.99211189816	4.49374879638
2484	2.80951163101	4.49497814544
2485	1.41348087077	3.64328183139
2486	2.02580373447	4.02816027713
2487	1.57486820858	4.15243523793
2488	1.56694646184	3.76511936578
2489	2.34089633423	3.50421218697
2490	2.68774811161	2.15072418346
2491	2.36980152409	1.56760805075
2492	2.3244992192	2.83452082327
2493	3.25264294229	1.42311881589
2494	2.39858077442	3.1735002635
2495	3.34553426841	2.4876585265
2496	2.34475148764	2.80955257435
2497	2.36796511598	1.40730765193
2498	1.92133293632	2.40675671098
2499	2.34860664104	4.46309204583
2500	1.52766112751	2.53723444249
2501	1.57640144988	4.08018008781
2502	1.52378918711	3.36947255677
2503	1.50659019984	2.1453621763
2504	3.33992324588	1.57451575905
2505	1.51795336259	4.0813288871
2506	2.37497998222	2.69386940597
2507	1.48200230329	3.31067097084
2508	1.52959709771	4.53135049534
2509	1.51413421356	2.62826792349
2510	1.5004432257	4.07271866564
2511	2.37609897177	4.49682261313
2512	2.40665691994	2.1334383901
2513	1.8608952845	3.1189880273
2514	1.51692829271	4.21384545987
2515	2.23450930218	2.87989710594
2516	3.09035301692	2.18906080964
2517	2.59306554542	3.84528173834
2518	1.30716416653	4.36652521109
2519	3.04433677162	2.15642025469
2520	3.04145182532	2.75567898774
2521	1.93514725674	1.60888855016
2522	2.27374661198	3.04801915779
2523	3.24716713976	3.67765223458
2524	2.3764182303	3.63801628167
2525	2.36851404232	2.66367110691
2526	3.38102554637	1.6495538291
2527	3.15202815276	2.65367902262
2528	3.22423105919	2.06339209827
2529	2.82010382957	2.60779998978
2530	2.38731863674	3.78247304066
2531	1.55263620967	2.56994559059
2532	1.58949394862	4.20914342136
2533	1.5875967169	3.92726646011
2534	1.58540760338	4.37923974015
2535	1.587450776	4.53815451938
2536	1.50882546317	3.84583133524
2537	1.32014111851	1.85513998855
2538	3.16027659944	1.46166964515
2539	1.52295948559	4.06297652041
2540	3.20308294422	3.31115746093
2541	2.19554759053	1.75464797941
2542	1.66500947328	2.37236216916
2543	1.52351261993	4.08592645274
2544	2.40556104233	3.44684924685
2545	1.52268291842	4.08822665666
2546	1.57844577162	4.16466487562
2547	1.49373743573	3.22216458903
2548	1.83931040885	1.5392509202
2549	3.39179581878	1.97101001302
2550	1.44972870674	3.88223564923
2551	1.54471446294	1.75304566318
2552	3.17924802681	1.32830669373
2553	3.39765305273	1.6041733523
2554	1.35388119367	4.53196875222
2555	3.12321199928	4.41434914897
2556	1.75455452246	2.62589806753
2557	2.31426339926	4.20973096893
2558	1.29678260494	4.5091326832
2559	1.44397572441	3.93173517976
2560	2.92497452719	3.32773335509
2561	1.5966920108	1.4064276593
2562	1.63603714626	3.65964266495
2563	2.33407567822	2.2559431562
2564	1.50491375235	3.43124467295
2565	1.57946793249	4.52084918793
2566	2.70385390895	4.08880185567
2567	1.55800255424	4.53877336932
2568	1.36045362732	4.47533698236
2569	3.22027682139	4.16816385402
2570	1.53244853251	1.38102752331
2571	3.08741276658	2.49215755419
2572	1.77123820328	4.0026173846
2573	2.385123416	4.41677729354
2574	1.3266295945	2.61998275358
2575	1.44325660161	4.5214664382
2576	1.39889837882	3.97212418808
2577	1.43022459112	4.49006217029
2578	1.62316055647	4.52702435515
2579	2.40537839606	1.85615630902
2580	3.22024837364	4.42042128676
2581	1.27342409137	3.36996615233
2582	3.09152306643	3.5406411631
2583	1.57742361075	1.45081019391
2584	1.27212639618	4.53691693887
2585	1.39226997339	3.93229403617
2586	2.36773556496	4.52764219754
2587	2.64919180888	3.86510453058
2588	2.4065655968	3.92001289554
2589	1.54011473903	3.36749876665
2590	1.35258349847	1.40741791747
2591	1.55774701402	4.17224868964
2592	2.81657309672	4.16874722433
2593	2.98995953972	1.70826503079
2594	1.49736973863	4.52826009915
2595	2.41094910724	4.16933065385
2596	2.37612875535	4.51838077899
2597	2.33377912796	4.15359884029
2598	1.3816645247	3.22121357663
2599	1.51244993307	4.15709106849
2600	1.31105725212	4.37499866239
2601	1.29548490975	3.93453005394
2602	1.76523207818	4.44354941203
2603	1.29159182415	4.4088892876
2604	3.07991777598	2.25058305958
2605	1.29418721455	3.35961308014
2606	3.38331223191	1.36672151119
2607	2.34742043999	2.16022829372
2608	2.40510442666	1.32372774575
2609	3.42594264952	1.81991999004
2610	3.36740307017	2.18938429889
2611	3.09058702682	1.32250864192
2612	3.31347669905	2.92287796139
2613	2.82622376651	2.75402423941
2614	2.83473239351	3.19421032165
2615	3.34363496526	2.02851646544
2616	3.53694053368	1.54939034574
2617	3.26784318725	1.94274264204
2618	2.75006997268	2.0738968376
2619	3.21993544834	2.75195713627
2620	2.73894005139	3.14590987486
2621	3.50600046559	1.3662922651
2622	3.33462810445	2.01717144537
2623	3.36970886978	1.52182604726
2624	2.39423256163	1.36810504636
2625	2.40167611234	1.48907170829
2626	3.00465231924	1.50488656972
2627	3.00610939855	1.43308436181
2628	3.3728211804	2.24891113804
2629	1.66608252243	3.95750385944
2630	3.42640300852	1.78920468779
2631	3.41401979321	4.13907083426
2632	3.35957834658	1.99674891495
2633	3.3261216248	2.01746121828
2634	3.1064426516	2.30314686021
2635	2.73861270076	1.56778404644
2636	3.3830251368	1.61021543733
2637	3.10528614486	3.77813287241
2638	3.56173750639	1.37616354438
2639	2.99443726404	2.1800389951
2640	1.51385480564	3.20129702842
2641	3.53213295734	1.34210008157
2642	3.37739132128	2.19586651835
2643	3.55743599071	3.54476454756
2644	2.97787772873	1.62519704044
2645	2.58476861952	1.84502889075
2646	3.28510787195	1.82361084276
2647	3.42037106563	1.91217753984
2648	3.21649327012	1.31925797042
2649	3.40669140195	1.79111132492
2650	3.10199263092	1.53243850148
2651	2.2131846773	1.61325921738
2652	3.37909280606	1.82213290294
2653	3.52198806775	1.75579426737
2654	1.64605227165	1.64693719756
2655	3.43276713717	2.19814089073
2656	3.41572975117	3.72894853226
2657	3.10837312269	2.33711480209
2658	3.05908205271	1.99161880109
2659	3.39225118093	1.41798632437
2660	3.50715083703	2.04054038961
2661	1.78458514793	3.41870696965
2662	2.98812796525	1.33503997215
2663	3.29946931329	4.12284340305
2664	2.76021784209	2.10861516443
2665	1.51853441085	3.88057531212
2666	1.55876917489	1.52328177196
2667	2.29592422186	3.23836803775
2668	2.3527583447	3.95301334966
2669	2.98973805307	3.40121666025
2670	3.23327158515	3.08721975084
2671	2.3775536893	3.35518404286
2672	2.68286756696	2.59330049533
2673	2.3777807811	1.34967394334
2674	2.33822738188	4.38951529046
2675	2.2511425096	2.07419803883
2676	1.66250569193	2.26199138386
2677	1.6421177581	4.07329226592
2678	2.37565221808	4.36410635665
2679	1.57716807053	3.36109049172
2680	3.00435187644	3.56854754989
2681	3.22580675635	4.07845733297
2682	3.31410255422	2.80197617661
2683	2.42686582767	1.66155507765
4377	2.70043752769	3.28787272841
4378	3.40527453827	2.43144967929
4379	3.21933804551	1.92101844414
4380	1.29937799534	4.37560435301
4381	2.043071635	1.3465756751
4382	3.43425385439	3.02091626092
4625	3.35580729089	2.49816952134
4626	3.217432046	2.34446763256
4627	2.79000674907	1.326336803
4628	2.24901004711	1.51019572496
4629	3.3199558506	1.49477596311
4630	2.81563156796	3.49910532624
4631	1.56592430097	3.81023069818
4632	1.58569948518	1.57827259805
4633	2.37580113597	2.49929845273
4634	1.58023455314	3.92335943906
4635	2.78902469719	2.76106346279
4636	1.82635948346	2.56723556638
4637	2.69506892858	1.59245519022
4638	2.99254489555	4.26344566053
4639	2.38572899413	1.36854050974
4640	2.19500387969	3.11529030106
4641	2.39040023849	3.77325372916
4642	3.22894660176	2.59526021009
4643	2.27459959697	2.25091762153
4644	3.41695114971	1.51255975986
4645	3.22195523887	1.45565005082
4646	3.22221091931	2.83919871727
4647	3.40418166913	2.83239687631
4648	3.01161189478	2.80449951088
4649	3.08087942474	1.35341424946
4650	2.55158091591	2.09298815679
4651	2.77462126964	1.51732779797
4652	3.22488877541	1.52118059803
4653	3.2188544337	1.3245464942
4654	3.22462932774	1.83675855628
4655	3.30312762352	2.04880904911
4656	1.51468368957	3.2546399359
4657	2.41646291208	1.38074255704
4658	2.12077718734	4.2062065717
4659	2.39843337738	2.0520701521
4660	1.86521225963	3.67393878645
4661	3.2569148277	3.00161433015
4662	1.60706481924	3.28448843662
4663	2.98802052285	3.14404680079
4664	3.41524119175	1.84981984935
4665	3.23262389999	1.70177735005
4666	3.22047595567	4.20679382321
4667	2.37937042371	4.458200703
4668	2.63064573922	3.65171902711
4669	3.38404945478	1.31847565263
4670	3.39962804768	1.53674837517
4671	3.39393366709	1.87979316127
4672	2.48234804411	2.40495185779
4673	3.00699577307	2.98910448809
4674	3.37852108125	1.52653195698
4675	3.36385557341	1.46001656884
4676	3.37494916326	1.48038453815
4677	3.24393987752	1.96430344419
4678	2.66920204194	1.95846317427
4679	3.09550123475	1.32273997632
4680	3.38146060194	1.42143575204
4681	3.33568658461	2.05058694437
4682	3.26252037992	1.85895607531
4683	3.39662265752	1.57971064344
4684	3.45234653048	1.41528598036
4685	2.99611974372	1.97044982962
4686	3.37090573826	1.76594543232
4687	3.54529053469	4.21031857571
4688	1.69262823975	2.03231815256
4689	2.42339818914	2.08508071854
4690	2.66041706158	1.51493711753
4691	3.37781329763	1.33515921674
4692	2.99186632798	2.06578678661
4693	2.34386183685	1.71786629317
4694	2.40693088934	2.74082035903
4695	2.98826463197	1.58133297425
4696	2.55109286144	2.34868097401
4697	3.22497070079	1.89732235023
4698	3.24861880103	1.32459518879
4699	3.38452221693	3.94180365465
4700	2.73992210327	1.5306255823
4701	3.05715875517	1.52069713283
4702	2.48720273805	1.73136378626
4703	1.55442499119	2.17554571558
4704	2.47194512853	1.67501541778
4705	2.77953152903	1.52669499145
4706	1.82549608843	1.63875029227
4707	1.91442577611	1.38497547189
4708	2.13890848289	1.88447638299
4709	3.3895905075	1.8213947324
4710	2.91737886175	1.32387098732
4711	3.10089254614	1.78280370011
4712	3.09241920994	1.88787064106
4713	3.32032168162	1.96096294963
4714	1.5383259575	3.17209238855
4715	2.98278008341	2.77602654203
4716	3.38600747658	1.37792220439
4717	3.00795719003	1.48862501394
4718	3.37824885678	1.33790483702
4719	2.37155308601	2.98553877407
4720	3.37340764404	1.32084277534
4721	2.3691827344	1.89916909402
4722	1.57256834662	1.88395507762
4723	3.03087368889	3.76132788889
4724	3.04241347409	4.43440967477
4725	2.36793517454	3.75429427226
4726	3.08880592388	1.59763424822
4727	1.82204250833	2.94480543951
4728	3.40955494244	2.63737211863
4729	3.38104963151	1.91297859386
4730	2.96735034487	2.35114269414
4731	2.99774213484	2.35431202617
4732	3.43100563728	1.90181233248
4733	3.00191681043	1.89758599313
4734	2.51078268004	2.85755377566
4735	2.41304953932	1.39032708863
4736	3.35514373185	1.49598775393
4737	2.76447340023	4.34961312534
4738	3.00332626982	1.53941823024
4739	3.32186838497	2.00218484827
4740	2.36551000595	1.50597403553
4741	3.09596925455	3.07349538702
4742	3.22266643272	3.05936952964
4743	3.38519058075	2.66727731674
4744	2.99317540428	1.5103529128
4745	2.3061600418	1.41704352154
4746	3.39261547065	1.59782007315
4747	3.38113443616	1.79517551143
4748	2.41241027738	1.79541511414
4749	2.39975995077	1.7052324355
4750	1.98177058815	2.81250413233
4751	1.61243006498	1.63954463303
4752	3.00520897455	1.47907749557
4753	1.61207238194	1.38526825419
4754	3.27431744402	1.31942539267
4755	2.75956314083	2.65248245942
4756	1.9472347871	1.6287054929
4757	2.9934216058	1.58025088747
4758	2.93576836754	2.21972761559
4759	3.3543439668	2.15104012856
4760	3.54706174703	1.60794254997
4761	1.83672022377	1.51509608174
4762	3.00275327272	3.25080509591
4763	2.19717872305	3.98621994423
4764	2.38656166407	3.58985104842
4765	2.99554988071	2.88810103555
4766	2.63943071959	2.00390589971
4767	1.55544715206	1.97409525544
4768	2.98476300589	2.21021077211
4769	3.10066011792	1.52588041125
4770	2.50107329216	4.05325148753
4771	2.52834459277	2.43913078282
4772	2.3257786967	2.7818662416
4773	2.36781540879	1.65787183044
4774	3.56877285806	2.23758132928
4775	3.38480946649	1.34183283173
4776	2.53455154325	1.39941820037
4777	3.35617312192	1.37180894677
4778	2.59941025347	1.55556974914
4779	2.53737288438	1.32088673294
4780	3.34763801451	1.8422649479
4781	2.39762269364	1.82607881278
4782	2.99718701526	1.40208453996
4783	3.35664487532	2.82518652935
4784	3.38505446851	1.63558240322
4785	2.37511611364	1.33986601643
4786	2.39732789955	3.09961724216
4787	3.00152771412	1.56357649243
4788	3.38268369747	1.51192804788
4789	3.378139967	1.38982431506
4790	3.09620326445	1.37923173718
4791	3.33212619867	1.96765246532
4792	1.63353336491	3.90331271233
4793	3.39594309477	3.59871339802
4794	1.69014310128	2.54642718795
4795	3.38600725415	2.4409634658
4796	2.36848410088	3.98057720084
4797	3.52302808894	1.37020877102
4798	2.89606449885	2.80492027383
4799	1.56387997923	1.56813621546
4800	2.08883157138	2.24490456598
4801	1.89025071539	2.02705694264
4802	1.47641414498	3.33604697071
4803	3.32740634947	1.61440454291
4804	3.44072592947	1.4198832988
4805	2.52439471519	2.23293600925
4806	3.38538113787	1.88734779618
4807	1.57435712814	1.33910010001
4808	3.08561176619	2.00017964908
4809	3.43038653368	2.73835138166
4810	2.96575125741	2.75237043847
4811	1.82463269341	2.52883772058
4812	2.99546802398	3.91889789205
4813	3.36465097381	1.35280585281
4814	1.81254516304	1.38992475135
4815	2.8123362173	3.3719411267
4816	2.42894641078	2.53226927926
4817	2.99836194616	1.4575529417
4818	3.25547316657	1.33002769096
4819	2.37861345104	1.76339689404
4820	1.72555632446	1.91886927338
4821	3.23853209115	1.44239548326
4822	3.22262542265	2.8532753874
4823	1.53628163577	1.84000886923
4824	2.36883341764	2.04407841644
4825	1.54982526728	1.73718207805
4826	2.39578023059	2.42998957257
4827	2.38565329686	3.04484768545
4828	3.00477249636	3.61387101842
4829	1.79700405257	3.59401943424
4830	1.54445892272	1.58404751714
4831	2.7867332428	1.55973198427
4832	2.82528223775	1.31863857474
4833	3.41572267955	1.40080007839
4834	3.22406037266	1.47204551556
4835	2.38799991214	2.12595163173
4836	3.33137562694	1.60267230501
4837	2.19446016885	3.60393453851
4838	1.95155176223	2.06788524756
4839	2.99581930092	2.81081717249
4840	2.41231895425	1.45254906778
4841	2.33793083162	2.97530845546
4842	1.73053002209	3.14265011696
4843	2.71361499825	4.29078640201
4844	1.56566876075	4.30993259979
4845	1.61994140903	1.39658012066
4846	2.98225066017	4.47901508188
4847	3.51990802537	3.55819171889
4848	2.28568840191	2.75278379989
4849	2.19174161465	4.1658309649
4850	1.62494897172	4.32072898159
4851	1.38564156796	2.1328131909
4852	1.32273650891	4.16641409836
4853	1.8211791133	3.84858020794
4854	3.10331273267	1.32799052347
4855	1.91787935622	2.68901529586
4856	3.09316113574	1.56375112624
4857	1.55416945098	1.32953842702
4858	2.3677655064	2.26367485181
4859	3.00668239564	2.34903247068
4860	1.51217835815	1.66815044254
4861	2.65797678925	3.59923524562
4862	1.51613687758	4.47166101448
4863	1.5040755286	3.19043632996
4864	2.98589078688	4.0469679379
4865	2.57451947576	3.87836235828
4866	1.55519161185	1.74145921994
4867	2.37967321278	3.70855185971
4868	3.40846207329	1.44343405853
4869	1.65642508009	1.77199773117
4870	2.92737315838	3.98114120873
4871	2.38020309364	3.05437080668
4872	3.03407918478	1.5427768655
4873	2.98932973645	2.53074354994
4874	2.30018914683	1.96625600363
4875	3.51701907761	2.03701088935
4876	3.42281386271	2.41254218885
4877	2.39725420103	1.39616333557
4878	3.38521780319	1.97325311514
4879	3.27349531062	1.46139354031
4880	3.38540836032	2.93909005464
4881	2.99222172607	1.467522559
4882	3.43690152147	3.25799852955
4883	3.42299635187	2.72603846947
4884	3.32068751265	3.05573338421
4885	1.5781902314	4.25514994638
4886	3.34121809723	2.34166347524
4887	3.32434582288	2.59565233068
4888	2.20166937986	3.717129511
4889	3.20262846798	1.43636554335
4890	3.25191128024	1.3384055003
4891	3.0112887253	1.35762004825
4892	3.42216770565	4.01679307737
4893	3.33474384047	2.5060832322
4894	3.42539021871	3.10283845284
4895	2.22939139221	4.32493275558
4896	2.99677773162	2.37876957871
4897	3.29528747745	1.67334526012
4898	3.08658153563	1.93454594978
4899	2.65748873479	3.48382027146
4900	3.35839620936	2.04762496985
4901	3.39807981638	2.52122920619
4902	2.77724007465	1.36475923611
4903	2.73730329826	1.95071676736
4904	2.16292494014	4.04411414747
4905	2.21744960227	2.91414841877
4906	2.38247401165	3.6159656327
4907	2.46639690688	2.98242188295
4908	1.72182861676	3.71605647561
4909	2.32876414418	2.78604456105
4910	3.00194833404	1.96458220361
4911	2.42270466143	3.0849286561
4912	3.14060665535	2.05980717123
4913	1.54956972706	1.45027716902
4914	2.73566654513	1.36888994627
4915	2.33852393214	3.65435875941
4916	3.11424907207	3.79279612822
4917	3.23288806702	2.78019657176
4918	2.25370146458	1.61459563774
4919	3.25337460434	2.21709730562
4920	2.39283228971	2.51023893068
4921	2.99808743926	1.48053006117
4922	2.20764027483	1.52263419108
4923	3.33713001023	2.66527327471
4924	2.98458107924	2.13907584114
4925	3.38529947053	2.35255069403
4926	2.10264589179	1.68300041819
4927	2.4192370229	2.57304631386
4928	1.52904396337	3.29174404319
4929	3.18626732324	3.89997907061
4930	1.46411116257	3.24027882597
4931	2.36830445226	2.54834663615
4932	3.00889252728	1.36117465715
4933	2.97929494693	2.05742195685
4934	3.37328584124	2.65048937167
4935	3.54200114036	2.9895504688
4936	3.34941882246	1.71984430988
4937	3.32910162619	1.67920739136
4938	3.00561825818	1.5732692822
4939	1.68952181666	1.76362828328
4940	1.58496978067	1.67417986525
4941	3.09338085871	1.9978915456
4942	1.74054023058	3.7900774538
4943	1.43283977325	1.4021919633
4944	2.76349134835	4.25929635275
4945	2.64723959102	3.45391512565
4946	2.74810586892	3.29901297253
4947	1.71685833982	2.10216186235
4948	3.04113127573	4.51961486503
4949	1.62280287342	4.06011444025
4950	2.06724669572	3.95581947418
4951	2.56085395074	3.44130562663
4952	1.83585682874	1.40381041893
4953	3.35964716225	1.36706597389
4954	1.67175862697	1.33815469496
4955	1.48507579036	1.94741108964
5465	2.82080997614	1.81526403551
5466	2.99005079917	2.44133018003
5467	2.42201113373	3.88777395506
5468	3.41977383881	1.93645374472
5469	3.50398731557	3.00519709732
5470	1.69573466283	3.20934590579
5471	3.00062499781	3.59714821052
5472	3.5169035197	1.35018867475
5473	2.67993924017	2.1076916654
5474	2.61453994188	3.65488688351
5475	3.43038058893	4.12110750308
5476	3.54174811002	1.5219875576
5477	1.54650324446	2.83537081654
5478	3.00302992812	3.24841024531
5479	3.04914501545	1.70091594718
5480	2.39032653997	1.67941761177
5481	2.99178447125	3.43476331257
5482	3.2167492999	1.42457067916
5483	3.11057329226	1.63144755282
5484	3.37330897591	1.50894035389
5485	3.31359460171	1.33276204289
5486	3.41336670303	3.41320219925
5487	3.38453724202	2.13468949906
5488	3.33042766929	1.70544888165
5489	3.41452574613	2.66767830278
5490	2.63699044726	3.3077532738
5491	2.08106101614	3.85463293855
5492	3.38491835628	1.79613427753
5522	3.47577451351	4.18335072605
5523	2.36766570161	2.57692754706
5524	1.87384620989	1.90951120858
5525	2.38376086519	2.92506404782
5526	2.67213036873	2.46011112138
5527	1.82031571828	1.39327236705
5528	2.81727924329	2.04792090084
5529	3.4252566598	3.60027911844
5530	3.09573524465	4.2675978697
5531	3.24898504473	1.70978483636
5532	1.95068836721	1.9631889986
5533	2.72846483135	1.59949516213
5534	1.55033634772	1.88473712449
5535	2.36076520176	2.45199065011
5536	3.19172103815	2.50268844436
5537	2.38436644333	3.75916263334
5538	2.04911540018	3.08813660323
5539	1.70132622439	3.63170543804
5540	1.6478406869	4.48024158875
5541	1.59275749726	2.04585062732
5542	1.98522416825	2.37307315616
5543	3.222865567	1.39450566917
5544	2.80127325436	3.46757495164
5545	3.34813839567	2.28944582011
5546	2.58330445613	1.56567600615
5547	2.35216524418	3.75213209574
5548	2.75399818019	2.73629552886
5549	3.29057175333	2.60075022472
5550	1.61958372598	2.11138885899
5551	2.38353377339	1.88083221926
5552	1.63138726661	2.74246752818
5553	1.70070493977	2.80618291797
5554	2.36965181691	1.64754014742
5555	3.13101841974	1.74010623427
5556	2.37959751551	2.73506272772
5557	2.3683343937	3.1356746915
5558	1.91701596119	1.60813163158
5559	3.08727422809	1.64995727598
5560	1.48451697453	2.40170685243
5561	3.00054314108	2.23459371984
5562	3.08595811242	1.63994215868
5563	3.00026585436	4.12400096576
5564	2.39305338528	3.36404691361
5565	1.72120733214	1.56972390706
5566	3.22488535753	2.15895799998
5567	2.18358595205	2.99669421299
5568	3.45856211782	1.58896726773
5569	2.99407645962	2.57188309854
5570	2.402192002	1.55678021126
5571	2.99497688362	3.38034533716
5572	2.98294394469	2.61015350314
5573	2.37747799203	3.1254681669
5574	1.81168176801	4.35866739808
5575	1.54343676185	2.1061536846
6364	2.38709154494	2.02297815404
6365	3.11145336009	4.2374124962
6366	2.98981990979	1.62383782334
6367	3.23557824296	1.64233228642
6368	3.0305531393	2.50419664683
6369	2.80339169407	1.45578558672
6370	2.38262540619	1.94438837543
6371	3.22306470128	2.03524933668
6372	3.22326383555	2.20955627366
6373	2.41177101544	3.46909537464
6374	3.26309539896	2.92418943561
6375	3.39789733244	1.38236441219
6376	2.38429074606	1.82410396307
6377	2.98530380293	1.89232438538
6378	3.46095272833	1.4806756434
6379	2.80527475159	1.41354176194
6380	2.3684741204	2.90066403462
6381	3.61943344587	1.41296331642
6382	3.30824925785	1.34475541704
6383	3.59086322492	1.87332051328
6384	3.05844095353	1.43751066289
6385	3.37947386689	2.19424374303
6386	3.38320334212	3.66546180006
6387	2.14754243315	3.73056243743
6388	3.5225658573	1.78115123105
6389	3.39321506722	1.37941976069
6390	3.39452799165	1.45537915666
6391	3.55718296038	1.38226853524
6392	3.51436124568	2.30555428265
6393	3.38247725382	1.95652222044
6394	2.61161161509	1.35448806229
6395	3.15903933244	2.14882975634
6396	3.3733490505	1.42639749875
6397	2.39695940694	3.64486265095
6398	2.38338237886	2.58081470149
6399	2.99309417889	1.36741138398
6400	3.24826486091	1.86945468818
6401	1.90665522088	3.50165801645
6402	3.40008340982	1.71261503001
6403	2.99888381748	1.89022637406
6404	3.16151386644	1.63027096319
6405	3.40693568166	1.59522391238
6406	3.37944797544	2.91632858396
6407	2.49205743199	2.5812037426
6408	3.27093449346	2.03818644204
6409	3.08734349733	2.22236171515
6410	1.65213288349	4.05668189807
6411	3.39534764351	2.51857182172
6412	3.38554447256	2.47235118274
6413	2.34593768868	3.67977550761
6414	2.19911042487	1.91994338507
6415	2.53793715261	1.3230663314
6416	2.98543516702	1.76501786215
6417	2.20465482734	1.54956095962
6418	2.99071177333	3.15430543222
6419	2.9828498112	1.68384591839
6420	1.71561577059	1.40598908408
6421	3.11395994539	1.7680359291
6422	3.34063267832	1.3971024343
6423	3.36585126787	1.8228716064
6424	3.4729057809	1.35220124576
6425	1.89370429549	2.01601294582
6426	3.07190403626	1.3231131904
6427	3.37376526532	2.36172578611
6428	2.38588038867	1.43840462732
6429	3.22443019347	2.24123936528
6430	3.12668151948	1.58860136145
6431	2.93496882381	3.42472034504
6432	3.39325297765	2.06998660991
6433	2.38943816021	2.60701595902
6434	2.99696098356	2.24223825493
6435	2.57598363915	1.57505085161
6436	1.52157664973	2.61565332404
6437	1.58336443075	3.16365632996
6438	1.76389738372	2.75609282286
6439	2.9865456407	2.84644228234
6440	3.43060787924	2.00448005722
6441	1.80218442273	3.41020261703
6442	1.48898750117	1.49402051825
6443	1.91356238109	1.32297279103
6444	3.43009647604	1.6443305729
6445	3.00185284872	3.7786751862
6446	1.84880775413	2.4944102655
6447	2.98883762906	2.71785946749
6448	1.47725236873	2.67651497644
6449	3.36189887746	1.87564640327
6450	3.00848324364	2.11509457914
6451	2.25242198709	1.55332944567
6452	3.22942053187	1.62461416355
6453	3.10940833815	1.37029716637
6454	2.93456905194	2.44353170888
6455	3.22262289717	1.63756055751
6456	2.37906763464	1.4456536136
6457	1.96191250255	1.40016104508
6458	3.51505459314	1.35326179503
6459	2.98446565859	1.37552100533
6460	2.01716978421	1.54531138518
6461	2.73501184387	1.42517813872
6462	3.43185221193	3.97775804961
6463	2.44004285407	1.48082128483
6464	3.0677368916	2.18068183957
6465	2.36958195356	1.36216399127
6466	3.21788515178	1.95929589981
6467	3.02157775082	2.25125224269
6468	3.2232353878	4.29915540279
6469	2.03098410463	1.68553976096
6470	2.4691710177	3.65277474239
6471	3.45186840838	1.59374560261
6472	2.37740229477	1.37442626001
6473	2.68433173035	2.2884220613
6474	2.72355457196	2.02589039022
6475	2.39659091433	1.45592118183
6476	1.94637139208	2.31486723337
6477	2.98764725677	2.53303249919
6478	3.12292287259	3.65805687156
6479	3.40363523455	2.19100263329
6480	3.00700982255	1.63380712701
6481	3.22509476434	1.36723856051
6482	3.41737997198	1.88525878513
6483	2.97965547829	1.62831471745
6484	3.21950873204	4.26403865563
6485	3.00708752208	2.82900164021
6486	2.92377521159	3.67659095334
6487	2.8427618786	3.20981990208
6488	3.10683300399	3.27965876711
6489	3.42330242213	1.39123581145
6490	3.0067643526	4.30514036596
6491	3.42748263749	3.4680817001
6492	2.37619113849	1.39388795229
6493	2.36821462795	2.42015863254
6494	1.9834973782	2.67048686303
6495	2.98963017925	4.28007190565
6496	2.38300389252	1.67271992801
6497	2.04220823997	2.41326643941
6498	3.16728777912	2.12191054484
6499	3.38465353975	1.53309952119
6500	3.1026526818	1.34865318474
6501	2.99980643054	1.41917015702
6502	2.91897794921	1.47994832438
6503	2.16999318106	3.03625402883
6504	3.23580523369	2.75650671719
6505	3.36787971467	2.21381474727
6506	3.20808218289	2.68295964873
6507	3.00357184	1.57078503269
6508	2.77396656839	1.37189840794
6509	3.63488523855	3.37886099774
6510	2.83307915945	1.35954471487
6511	2.97761471634	1.542945419
6512	2.81421927482	1.49918673497
6513	2.63455017494	1.36408404798
6514	3.40547000341	1.32867825319
6515	2.38141424992	2.09879198263
6516	2.36957197308	1.32106315546
7103	3.24020468749	3.86565625913
7104	3.60554642484	1.52539237367
7105	3.29325018589	2.09420823849
7106	3.32011705093	1.44723066131
7107	2.98695492433	4.18803166263
7108	2.98482664942	4.32913943098
7109	2.38398795699	1.7298041621
7110	3.38052948384	3.46200462667
7111	3.33344898912	2.06608638911
7112	2.80221478312	1.5135091042
7113	3.09781230873	1.54973163271
7114	2.98560424573	2.68175011803
7115	3.32179532694	1.48654748658
7116	3.11251431197	2.63895865438
7117	3.57572723281	3.25032600736
7118	3.00733724946	3.10329886265
7119	3.39653158509	2.34481841868
7120	3.31273136748	2.86012365081
7121	3.43128975016	3.79987160954
7122	2.15099601325	3.08355470981
7123	1.87039262979	4.17867357906
7124	3.4329376049	1.40294558465
7125	2.82057459395	1.36060148319
7126	2.33555842953	3.73486878992
7127	3.41323674091	1.35235204225
7128	3.62077708001	1.40533299762
7129	3.34513610873	3.68455633586
7130	3.39777488581	3.83649624077
7131	3.40154056869	3.43024009616
7132	3.57531815195	3.62382887398
7133	3.25081378717	2.40784033344
7134	3.37740496093	2.87128448336
7135	3.41544646414	3.87670326463
7136	3.40873529058	4.14778319696
7137	3.3247116539	4.40343422243
7138	1.31495033772	3.93508920641
7139	2.66773787855	2.69144128509
7140	3.52129472029	4.13674978761
7141	3.26223216473	4.23977441052
7142	3.00429178788	3.49553404687
7143	1.41215518968	4.08535154979
7144	1.45620081186	1.40609863907
7145	1.66536715633	3.27772855725
7146	3.35653895294	4.25219000392
7147	2.38936246295	2.99446016459
7148	2.48581568264	3.04032204373
7149	3.0792766768	2.07028704138
7150	2.99377628988	4.45209185356
7151	2.05861274546	3.75267255105
7152	2.19337274717	3.53652156823
7153	1.98263398317	3.23359521206
7154	2.40802676695	3.07075690918
7155	2.3753245987	4.26819127929
7156	3.36538660703	2.5964367495
7157	3.42598949892	4.43806397094
7158	3.04081072615	2.88853341344
7159	1.52406575428	2.49854577259
7160	2.71849554289	4.50605294522
7161	1.49429625157	4.50728466278
7162	2.36775552592	4.54063027441
7163	1.43632668274	3.93061764457
7164	1.35128580327	4.52023199688
7165	1.27601948177	4.53506092478
7166	1.28769873856	1.75510631696
7167	3.2039918967	1.3314608671
7168	1.76923616158	3.50370123444
7169	3.27604391249	4.28245087312
7170	2.41122307664	2.10492436578
7171	3.00529083127	1.66628936769
7172	2.37571178524	3.29271246401
7173	2.30189511683	2.15483608828
7174	3.454737141	2.82264578666
7175	3.37996387094	2.02734872878
7176	2.94976038281	1.34923505428
7177	2.73926740201	3.54528023707
7178	3.08526541996	1.6121160235
7179	3.16687535679	1.79829496517
7180	3.24642381489	3.55974358363
7181	3.41866110767	3.33311079943
7182	1.90492843083	3.26568621009
7183	1.73987288335	3.52264591336
7184	3.22394658165	4.51653009401
7185	3.36815364191	3.2140885332
7186	1.54548108359	1.31963600276
7187	2.98343508505	3.41720495809
7188	1.63782556151	3.74781058491
7189	3.379419422	2.63935543635
7190	2.21872907977	2.431814854
7191	2.38527481053	3.28884020183
7192	3.57859079889	2.23824589382
7193	3.38507377277	2.60427371657
7194	3.41084287407	3.23121101968
7195	3.41075080227	2.25896487193
7196	3.38306562428	2.77477668775
7197	3.59495403359	1.90446149217
7198	3.41995798242	2.42780118885
7199	2.64284710084	2.86741653973
7200	1.50603138401	3.03264030924
7201	2.73042893511	3.29029185605
7202	3.07510953215	3.2898079121
7203	3.31849252651	3.12083831151
7204	2.70434196341	3.35567592126
7205	2.20337534985	4.1927163888
7206	3.21809114071	3.83320558719
7207	3.21912108536	3.23741299891
7208	3.376251451	3.87007221914
7209	2.99978514588	3.74835056652
7210	2.99521841532	1.48981738312
7211	2.78640589218	4.01168556469
7212	3.08489063606	3.27579929479
7213	3.39361726736	3.74889060734
7214	2.67847507678	4.48330889214
7215	1.51357539773	3.4428168125
7216	3.43083516954	2.11880882587
7217	3.32662200596	3.30921185587
7218	3.40117627897	4.13095131585
7219	2.83010333815	3.84308394285
7220	3.22508449181	3.22311583828
7221	2.36769564305	2.25930091419
7222	2.98769735337	1.49705117954
7223	1.50295789694	4.36531566545
7224	1.5485475662	4.50666877439
7225	3.05138886258	2.10062921065
7226	1.97572682296	2.93338467665
7227	3.38297260767	1.4010135632
7228	3.18354046578	1.74939412114
7229	2.68237951249	1.35541771041
7230	3.00159364095	1.64453072721
7231	3.41369709992	2.47011943258
7232	3.00801727859	1.41928886595
7233	3.38293111765	2.28297101457
7234	3.09111893735	2.55603923202
7235	2.97656266678	3.4177055694
7236	3.39814161215	1.68575175774
7237	3.36143698993	2.22137348372
7238	3.38143558621	3.20792427221
7239	3.37906553019	3.32285098662
7240	2.56524644093	1.40620825327
7241	2.67359453213	2.37058573788
7242	3.29330859719	1.3713625291
7243	3.525807199	1.36941587744
7244	3.38657016628	3.8595905018
7245	3.00879842987	2.25493698344
7246	2.98252664172	3.1389282321
7247	3.41240809469	2.3235288239
7248	3.42248644517	1.5944842838
7249	3.63152615318	2.06638605082
7250	3.59454495272	1.37970224005
7251	3.57040918153	1.34908923162
7252	3.40307021996	4.27353463014
7253	2.11041644703	3.4929849094
7254	2.26777571701	2.06279401831
7255	3.18990313318	1.44974509152
7256	3.34638706162	3.5457959858
7257	2.41113175351	4.34780386952
7258	2.37762938657	2.69184582387
7259	2.99155301316	2.63459796074
7260	2.99161310172	3.21219077169
7261	2.37484806143	2.58314983634
7262	3.00369090228	2.27550057606
7263	3.09343195082	2.57925912917
7264	1.66988220021	3.06893244154
7265	1.94896157716	1.57773430804
7266	2.98217919781	4.13442968836
7267	3.4047281037	1.32679637069
7268	3.21643637461	1.9766248738
7269	3.36654825912	1.66093987084
7270	3.10859313965	2.758577077
7271	3.36120465951	1.430463398
7272	3.53491629101	3.55508958815
7273	3.12147723917	2.27991146217
7274	3.53592841235	2.71826785507
7275	3.52395255222	1.72116565224
7276	3.29978285395	1.95099262539
7504	1.42276063837	3.30872560263
7505	1.59561896165	3.74619099534
7506	2.00853583395	2.19003145501
7507	3.25749149215	1.37038562093
7508	2.98770734533	1.76733856393
7509	2.36254450333	2.24957972902
7510	2.95095969841	1.65685211093
7511	3.407551349	1.57540787604
7512	2.60136247133	1.43396381922
7513	2.94616243603	1.69812293082
7514	3.09128905653	2.55796608176
7515	3.35614449416	1.41669094748
7516	3.46477770515	3.03309203355
7517	3.41167152028	2.73876272986
7518	2.03789126484	1.69341908448
7519	2.74483236266	2.4354698578
7520	2.16129380762	1.65481711282
7521	3.38178777488	3.41520310497
7522	3.40864563962	1.71698871415
7523	3.39689587481	1.31934156312
7524	2.72224516945	2.26603419386
7525	3.25886206969	2.35678037808
7526	3.39983418242	1.70913313584
7527	2.39371667197	2.3823375404
7528	3.22451553673	3.62907843638
7529	3.39771552667	1.35793845752
7530	1.58380225346	2.49628915327
7531	3.28720337896	2.21808322777
7532	3.00168913527	1.86252977639
7533	3.46908080408	2.0951239215
7534	1.8842069502	2.79316129335
7535	1.75722391139	3.48483761717
7536	2.38981065031	1.94082531392
7537	2.9996048802	2.45900209684
7538	1.75055043907	1.62578045024
7539	1.66715557158	1.35333799264
7540	2.97805307033	2.86055217058
7541	3.38764591819	2.06100119951
7542	2.73959475264	2.90413845295
7543	2.95775582011	3.06392004053
7544	2.39872817147	1.45402823861
7545	3.29873765124	1.66939382365
7546	3.28518235434	1.81282211891
7547	2.99060587868	3.12871258881
7548	3.5192146779	2.42816577144
7549	3.09458845756	3.41370233686
7550	2.38179273625	1.75993316099
7551	1.87816318502	1.43853257337
7552	2.82504685556	3.45543075245
7553	1.79125862025	2.23194209344
7554	3.33988210659	1.3855615694
7555	3.30876097493	1.32684772983
7556	2.37487784501	1.48330624879
7557	3.00913809746	1.96849105288
7558	3.40800671114	2.34061289325
7559	1.61099933279	1.85742804188
7560	3.36415059266	1.51446058017
7561	2.39069503258	3.45896928742
7562	3.35718793058	2.15040829758
7563	1.65821349534	3.91555430267
7564	3.027668193	3.79823791798
7565	3.36039773399	2.29115326905
7566	1.81945232325	2.35043904947
7567	3.41535439234	2.07691151446
7568	2.37528029619	2.01456615367
7569	2.40204460495	2.94700632902
7570	3.38328500946	1.80577404534
7571	3.43049423408	4.2949694517
7572	2.9902827092	2.05236697128
7573	3.3121293493	1.32075503778
7574	3.42161527484	2.58470777715
7575	3.41065873047	1.99446649586
7576	3.30385928557	1.88161213449
7577	3.3744888014	1.32553163623
7578	3.38099832392	1.8442743776
7579	3.48055573454	2.41544061217
7580	3.11222518528	1.33118214765
7581	1.51189895023	4.48392253046
7582	3.30471892569	1.75007763064
7583	3.38385668085	4.31772806224
7584	1.76056064756	1.77691534767
7585	2.63162184815	2.33153017238
7586	3.39680480238	1.34643423415
7587	3.36390040208	3.18242918023
7588	3.36724525037	1.87694063681
7589	3.34988972971	1.45335500005
7590	3.39343512251	3.6744691014
7591	2.98024484026	3.77108326292
7592	3.22385883076	3.30143890959
7593	2.86772639695	2.4671470816
7594	3.22172765684	1.35557348073
7595	2.98736420797	4.00375007814
7596	2.2310973622	3.72841068229
7597	1.59204213116	1.50909706803
7598	3.28227525519	1.86074147515
7599	3.3667822216	1.78564325442
7600	3.00849798707	2.04319311037
7601	3.49394315342	2.04112946862
7602	3.37190385593	1.34650492502
7603	3.08540395845	2.41145625711
7604	3.43837244762	2.19716580444
7605	2.98127786941	1.38922294077
7900	3.30194093954	1.63499011157
7901	3.51175232281	3.98904353638
7902	3.34885650145	1.70653166288
7903	3.43072363163	3.85188080918
7904	3.40512951657	1.43661959987
7905	2.29976265434	4.28126127096
7906	3.43231255655	3.98339783238
7907	1.51323050155	2.14158753301
7908	3.40163164111	1.33884668932
7909	2.98376251196	4.07616115549
7910	2.41149704604	3.96480902032
7940	1.81858892822	2.22335047948
7941	2.36106175202	1.82880041882
7942	2.99006547997	1.45864551861
7943	2.37056647155	2.38126653017
7944	2.97857909511	1.81428655833
7945	2.36986140697	1.36612098115
7946	3.52783144167	2.63499409138
7947	3.10363844555	1.37234660197
7948	1.79459535641	3.68721442398
7949	3.35289201665	1.4322078058
7950	2.65553651693	3.82827360366
7951	2.82292841585	1.32320708604
7952	3.31190756808	2.28603536317
7953	2.99473131344	1.62016314521
7954	3.01000020107	1.55092800229
7955	2.74450501203	1.83576047321
7956	1.98090719312	1.33438836058
7957	3.16976231313	3.55870894793
7958	2.36887333956	1.46514093983
7959	3.00459223068	2.84942990061
7960	1.51329598981	2.00505445159
7961	2.25455444958	1.65644463761
7962	2.98458274021	1.33753182648
7963	3.00488154764	1.42836079097
7964	3.41111908947	1.31851629434
7965	3.22141473155	1.36191585838
7966	2.12164058237	2.21841198691
7967	2.99125257037	2.89329347827
7968	2.9453628923	2.24757466662
7969	3.35064030145	1.58714010483
7970	2.37899193737	1.81233444614
7971	2.99401664412	1.4435641469
7972	2.8481596123	2.85242042029
7973	3.33019911926	1.76757095977
7974	2.62966963029	1.61516927751
7975	2.37490762859	4.01792873153
7976	3.20762770665	1.57630147333
7977	1.3292249849	2.12626289905
7978	2.36803497933	2.24790869566
7979	2.3249257117	3.57840752749
7980	2.28184996943	1.31763585476
7981	2.98531778978	1.3258317974
7982	2.98523593306	1.47547198698
7983	1.53960365859	2.17682832548
7984	2.87042526379	1.33480219351
7985	3.49776813024	1.4552437984
7986	2.04134484494	1.46935534359
7987	2.36491690543	1.34750081444
7988	2.75628963457	1.33090490852
7989	3.00021571417	1.77433619664
7990	2.36813478412	1.36492862527
7991	3.26764201425	1.58205554968
7992	1.5426701412	4.0344223327
7993	3.03023258972	1.32237055183
7994	3.31520004729	1.50925384138
7995	2.98548150324	1.76016366204
7996	2.99235746834	1.32533271303
7997	1.69200695513	3.97494037869
7998	2.58818500077	1.46029148944
7999	1.58672107149	1.56060340949
8000	1.9869509583	1.91404749486
8001	2.20038990237	1.49842270433
8324	2.98908319925	1.58422896037
8325	1.54037027924	4.32373138124
8326	2.21830258727	4.31292967033
8327	3.22087422422	1.37306679146
8328	2.11905039729	4.39858930205
8329	1.66429410718	3.76945603497
8330	2.33585497979	1.38036343098
8331	1.63567946321	2.60858425738
8332	1.77657698114	3.81787738891
8333	1.33441576569	4.23623189432
8334	1.67457326711	3.11991305098
8335	3.40509239342	3.55147312979
8336	1.85053454419	2.25259131944
8337	1.54599216402	2.52921876803
8338	1.51609006896	3.11806324047
8339	1.7799137173	2.36845597435
8340	1.53985919881	4.06870512165
8341	2.36798507694	2.10984732544
8342	1.89284090046	3.40021940486
8343	1.78124841176	3.31602561844
8344	1.69635594745	3.89442773808
8345	2.36910289057	3.99243380097
8346	1.84190059393	2.38162347437
8347	2.36373070438	1.9367265237
8348	1.71437320135	2.9509716605
8349	1.5199172467	4.48883376863
8350	2.98237520877	4.15069027847
8351	2.3860317832	1.3498207134
8352	2.30914548929	1.4115817994
8353	3.45139028628	2.28876325503
8354	1.51659844064	2.49666510845
8355	3.03984907738	3.21076807229
8356	1.65356361569	2.13031476258
8442	3.28995770668	1.51684859606
8443	1.74988309184	2.56762253505
8444	1.58920206682	3.62750294593
8445	2.39931775964	3.68189972804
8446	3.3084151963	2.01485539368
8447	2.53285873858	3.09502054566
8448	2.36807490125	3.84033803077
8449	2.3734166911	1.40587958831
8450	3.22981159844	3.91221284493
8451	2.78607854155	3.75808036083
8452	1.78658718962	4.23269150976
8453	2.36917275392	1.92397974162
8454	1.64104470895	4.49129080881
8455	2.98318951487	2.82730544326
8456	3.06260809818	3.23550363179
8457	2.82151612271	3.18855075521
8458	3.22332073106	2.87817268663
8459	3.22179894145	2.46085070002
8460	2.80103787217	1.58988306964
8461	2.29677720685	1.55643406888
8462	3.35946560113	1.51780753279
8463	1.47202151328	1.44512982583
8464	2.40793544381	1.32932196247
8465	2.54132276196	2.29834071953
8466	2.37574156882	1.44921396142
8467	2.79426230721	1.33954584837
8468	2.95535718892	1.31938344829
8469	3.00750096291	2.16755086815
8470	3.00885851843	1.66114488056
8471	2.7641460496	1.89653177679
8472	1.57410158792	2.96201163541
8473	2.43310757702	3.15243809486
8474	3.08520479909	1.53161355913
8475	3.22150007481	1.40976349131
8476	3.15450268676	1.42083747039
8477	2.03616447479	1.60850997244
8478	1.82722287848	2.68497671747
8895	2.23280333219	4.33756148599
8896	1.80045763268	2.43035451043
8897	2.19119790381	3.65330268885
8898	3.22078888096	3.91499724502
8899	2.60380274365	4.35021632903
8900	1.509384279	3.44634498531
8901	3.2135358978	1.66649591693
8902	1.66822862073	1.72669361801
8903	2.4105838147	3.34437769869
8904	1.3909442923	4.06584008087
8905	2.58281640166	3.04847246211
8906	1.94550799705	4.39314329637
8907	2.98384436869	2.81968428101
8908	2.00767243893	2.4902819231
8909	2.3689931053	2.04171878449
8910	3.40463703127	1.4237227227
8911	2.86300337996	2.74906567879
8912	3.31415037392	2.21184805445
8913	3.25898352207	1.64673633269
8914	3.35727061499	1.65705593641
8915	3.30422511659	2.17234333568
8916	3.34985043958	1.5592098397
8917	2.6086832883	2.1580059014
8918	3.19672027682	2.34096302804
8919	2.81610233234	2.12937882897
8920	3.10991324139	2.90935718594
8921	2.82269303366	2.82603391728
8922	1.51068742253	3.65858541014
8923	2.64577542763	2.26030939622
8924	3.00218027563	1.79805465192
8925	2.39592762763	1.52555499365
8926	2.64967986335	2.84985694007
8927	3.33963191601	2.83112321868
8928	2.37785647837	3.26761049872
8929	2.38633457227	1.58933341085
8930	1.54318122163	3.10007723748
8931	2.56866282218	1.36467463035
8932	3.31819242316	4.20209746908
8933	3.23398732872	1.34386029834
8934	2.37199158133	1.58732255467
8935	2.40921396769	2.65567447886
8936	3.0334380856	1.95735370252
8937	1.60456103789	3.59454074892
8938	2.3698913484	2.11540377404
8939	1.59022365313	2.18228998696
8940	2.95655650452	2.41471565106
8941	2.44559107572	3.68243093118
8942	2.82977269134	1.59652054206
8943	3.23903822968	3.37292896916
8944	3.22152852257	2.67973541779
8945	3.22807913757	3.07166949828
8946	3.24353132982	1.37764310013
8947	3.08519615071	1.52101938375
8948	3.36515427661	1.68915175906
8949	1.93169367664	1.44304414871
8950	2.98848849661	2.29183666311
8951	2.9832713716	2.1368812194
8952	2.40483045726	2.45678564648
8953	3.02702709383	4.15592675557
8954	2.36224795307	3.50881342427
8955	1.71810090905	3.80695709775
8956	2.58525667399	1.46347009982
8957	2.20806676732	3.15523945617
8958	1.80477460781	4.39616826296
8959	2.41250160052	3.73594597017
8960	2.77200246463	3.14824004972
8961	3.04882446586	3.06437541729
8962	2.40948793709	4.22856375527
8963	2.98687306761	1.78611734244
8964	3.22989704254	3.43224970249
8965	2.98842834543	3.90664848568
8966	2.32663168169	3.73433028862
8967	2.66724982408	2.84431004565
8968	2.38860549028	3.67022823971
8969	2.98434238597	2.60270712807
9287	1.42143495729	4.48637767584
9288	3.00981993539	1.59856396502
9289	3.07478898256	1.8457839368
9290	3.2511796182	1.62054894683
9291	2.36859388615	3.00295742375
9292	3.38279500542	1.36732494264
9293	2.40248679608	3.81897072069
9294	1.844490779	3.71015901469
9295	2.70580612681	2.58743645325
9296	3.26611671878	3.94572435375
9297	2.39202160597	2.7889729078
9298	3.22403192491	3.98678454423
9299	2.7072702902	4.44415920154
9300	2.36892324195	4.03214439261
9301	2.98566433429	4.17692062595
9302	3.29361601691	1.41952646145
9303	2.36933244159	4.42710747737
9304	2.86705168023	2.06369122707
9305	1.47585532915	3.29852796276
9306	3.39545453536	3.7792175592
9307	3.22674267578	1.65828013274
9308	2.76054519271	2.49178230955
9309	3.22505604405	1.46879034405
9310	3.22519828282	1.41169594696
9311	3.36166058727	2.50759356631
9312	3.40571788703	1.35690709129
9313	3.31986686035	3.48534637884
9314	2.98350114613	2.54450922006
9315	1.55621377271	3.61020772312
9316	3.00602754182	2.81714815688
9317	2.98536389149	2.35642757874
9318	2.98746699109	1.32809567671
9319	3.38286754942	1.55247045504
9320	3.38151555041	2.33816360771
9321	3.10463283441	2.92550144274
9322	3.24057051852	3.58100581118
9323	3.2166924044	2.08356464629
9324	3.27992846654	3.13149583115
9325	2.36951209021	2.32839547955
9326	3.09227544408	2.77519324663
9327	3.37756829561	2.6322224204
9328	3.38470606888	2.02152425641
9329	3.40072091682	1.32883838114
9330	3.37775885274	2.3346696614
9331	3.3918911812	1.33174106685
9332	3.37843941391	1.39720707466
9333	3.4304294464	1.34930805442
9334	3.36615211728	1.35659176105
9335	3.37471238367	1.66319823449
9336	3.21834237412	2.71867630187
9337	3.37819441189	1.68596381373
9338	2.96695057301	1.33916360071
9339	3.30337157594	1.36391584306
9340	3.52233474148	1.63164385833
9341	3.32800413311	3.84913016011
9342	3.11309256533	2.94744668455
9343	3.21703377744	2.99624728489
9344	3.22004923936	1.46458304576
9345	3.37715995891	1.34800311126
9346	3.3636502115	4.00998412628
9347	3.00603435611	1.33740796333
9348	1.89974806067	3.62435356377
9349	1.72866274755	2.94656603269
9350	2.98578451141	3.25128424366
9351	2.29933616184	1.55574249466
9352	1.58467789887	3.00923224012
9353	2.36941228542	1.67292831283
9354	3.31014166477	2.23957573346
9355	2.02235015437	4.10031827045
9356	3.3694045948	1.3534905655
9357	2.01371620411	2.38734263444
9358	2.99131265892	2.85370295977
9359	3.00070685454	3.88611184158
9360	2.37535438228	3.33115453615
9361	2.76250929647	2.84005001321
9362	3.36790345133	1.32669383005
9363	3.2243448502	1.50628527296
9364	2.46431632377	3.68987399241
9365	2.98441736578	2.60035902168
9366	1.51650017458	3.60550203529
9367	2.3718819575	2.67812472342
9368	2.30146862433	2.19521723058
9369	3.48820568818	1.62733881505
9370	3.2387413634	1.67376244426
9371	2.64040682852	2.89979602216
9372	3.57654539455	1.33310663153
9373	3.26216485577	2.51591733865
9374	2.63113379368	1.32964701457
9375	3.48677132188	1.65664834466
9668	1.34609502248	4.19857769041
9669	3.00288631886	1.59080035185
9670	2.39541173798	4.0065828482
9671	1.6009842074	3.77542219166
9672	3.36824554569	3.72411001418
9673	2.62771741243	3.97325048669
9674	1.52240635125	4.38166192373
9675	3.30788342683	1.9194062108
9676	3.09306030912	2.11169734333
9677	2.39239009858	2.36561960554
9678	2.61258772402	1.41540273528
9679	2.98981044493	1.55712659048
9680	3.36399262452	2.35501697351
9681	2.69653309198	2.04940144401
9682	2.5545092427	2.46529274297
9683	3.32887372116	2.24657293479
9684	2.29080631188	2.97619680493
9685	1.55723593358	3.56802919582
9686	1.91183559104	2.07449929927
9687	2.10091910174	1.93863763453
9688	2.99864346324	3.63275665319
9689	2.98963637024	2.22269124405
9690	2.26052534455	1.35572948791
9691	1.97400003291	3.52675271838
9692	2.57403142129	4.21443348113
9693	1.57589036945	4.17341631844
9694	2.35186869391	3.07121317412
9695	2.0232135494	2.23094871054
9696	2.22469997474	4.09052780797
9697	2.99972457381	3.62015770344
9698	1.75255248077	3.66334492196
9699	1.61815299378	2.3507908422
9700	1.4931786199	3.50676783779
9701	2.37482858769	1.44317405944
9702	2.59013721863	2.42052197167
9703	2.63552628387	2.49967488162
