0	2.81398389263	1.36654963512
1	3.34739317736	2.79190415596
2	2.98139804653	1.84076036254
3	3.27949684943	2.47049124291
4	2.98314061477	2.08205005435
5	2.54752971244	1.68617592893
6	3.40717996137	2.72071942402
7	3.37215669115	1.64814363019
8	3.30861508887	1.91967476833
9	3.0095473811	1.69640912535
10	3.20990008786	1.39867825706
11	2.9883464887	2.1554695772
12	3.24093634954	1.34872571119
13	3.26800784527	3.37539961152
14	3.36275808034	3.57892706581
15	1.78591984239	1.67773750644
16	2.72191781883	1.37533795565
17	2.91098251191	1.47318388311
18	3.37710551401	1.31811254179
19	3.4915525429	1.59098398593
20	2.82033921176	2.10154862403
21	2.71751943397	2.1761869021
22	3.23910719442	3.39673087616
23	2.98686610549	2.18486610183
24	3.08871494761	1.34821926951
25	1.53755933685	4.47227352776
26	1.78525249516	3.96705877535
27	2.77658537339	1.60005459094
28	2.9987035518	2.3176349159
29	2.81869153643	2.02065262838
30	1.6802025474	1.72558552199
31	1.72369247061	1.43245795431
32	3.090816462	2.10338904953
33	3.28300691723	1.44526068396
34	2.95935490757	2.51781310193
35	1.54573662381	1.3736094205
36	2.40189720791	1.76085552046
37	2.90078751584	3.37737719123
38	2.40473913412	1.95763098164
39	3.38854416803	1.38468322251
40	2.41140572291	1.73943054081
41	2.35691004836	3.32480322346
42	1.88161676512	2.8036581626
43	2.37429368173	1.37690142746
44	2.46362279606	2.36384879943
45	1.57512374879	2.2566142341
46	2.36802499885	2.20661396164
47	3.22366210411	2.47197907635
48	3.32261895671	1.57362512238
49	2.86975054708	1.51477821253
50	2.90213694926	3.37589391763
51	3.38710696828	1.61555200009
52	2.39128462075	3.35125114727
53	2.57549558469	4.06927830744
54	3.35983143215	3.26280155352
55	2.3751756808	3.34143548775
56	2.99563173744	2.13187583619
57	3.09362915554	1.46042903856
58	3.20626427792	4.21208175133
59	2.3784620565	4.31832812769
60	3.44866893069	2.87171455197
61	2.38292819525	3.32871053933
62	2.30360108682	3.43426047213
63	2.90698479326	3.16225218539
64	2.2123316923	2.07088808196
65	3.41768398883	3.21598724211
66	3.37770440785	1.47446907635
67	3.37777029013	2.42088537001
68	3.38188888336	1.85159032768
69	3.00823767346	2.97930789324
70	2.9970233018	1.58477364531
71	3.41450835262	1.49933971874
72	3.08755130507	1.78398581152
73	3.1246576327	2.2539313436
74	2.37595005387	2.20400259961
75	2.39437995867	2.54757867923
76	2.3931270838	1.95790831997
77	3.0011979949	1.70761457373
78	3.26125590328	1.37261622894
79	2.98085724949	1.32396677775
80	3.32654080902	3.08630313531
81	3.37911997508	1.39286316114
82	3.2250275963	1.33890995318
83	3.36259864202	1.91351292593
84	3.22447679755	2.11911873131
85	3.32236876613	2.38949122749
86	1.76856881435	4.28304576301
87	2.35483419653	2.80913116006
88	1.62709507002	2.10646116233
89	2.29635071435	1.60945686082
90	3.40208700326	1.52881982781
91	3.06356974695	2.29217844896
92	2.97708869156	2.31590467023
93	3.26827480437	3.48280316261
94	3.4311193728	1.68426902376
95	3.35239163549	1.33107107436
96	2.37538416586	1.74191068886
97	2.1328647177	3.33849540845
98	2.68579589375	1.36133895404
99	3.00741639299	2.39164195217
100	3.31263923013	2.63024443179
101	3.33495492256	1.93754521592
102	2.17977997617	1.83227464321
103	1.78992392579	3.18289971534
104	2.69214060179	1.96933017335
105	2.6267413035	3.96987230141
106	3.45664962941	3.27628152158
107	3.51366789821	4.10377781345
108	2.89471506543	2.40928599236
109	1.54394784228	3.21931226238
110	2.36929251967	4.04240258375
111	3.41010629966	2.26131841117
112	2.5530450793	3.42321620182
113	1.73920553612	4.40464604465
114	3.11013325835	3.23216451899
115	2.32279324921	4.07443964411
116	2.40747882814	2.2633380398
117	2.81139468853	3.81132237202
118	3.33312576744	4.36592040867
119	1.55084742815	1.8546321836
120	1.77924637007	1.7443980016
121	3.51203991567	1.62422587502
122	2.37952181824	1.39409362107
123	2.99645030471	1.98764197609
124	2.38466923239	2.08235285432
125	2.31596936925	4.38649358055
126	2.41049249157	3.16412449658
127	3.38488992082	2.96068488442
128	3.42721089747	2.05266384967
129	3.43299442748	2.00965813306
130	1.34998810807	2.91851022946
131	1.49513447531	3.35813620147
132	1.49792855447	2.26165486791
133	2.37615853893	4.49805255432
134	3.36765326075	1.37145169421
135	2.98941062616	1.40819143416
136	3.39863017157	2.67088832277
137	3.37317331635	3.39374301798
138	3.32697473235	1.40886002165
139	3.36915440422	2.79399968101
140	3.40664062471	3.33751585572
141	2.95895513571	2.28399193119
142	3.31747915577	1.90844633402
143	2.98203270012	2.99803535258
144	3.08706642035	2.38626913729
145	2.57159114897	1.67983823022
146	3.23003849867	1.8145308388
147	2.93416928008	2.17138377636
148	3.24451654197	3.11067347238
149	2.99305522716	1.53975302794
150	2.38519911326	3.4741673001
151	1.86866583973	1.56462518347
152	2.98969026781	1.91538495338
153	3.22147162706	3.31651275986
154	2.8596297964	1.35418007438
155	3.2163225836	1.60983603065
156	2.78247768466	1.65400477152
157	3.14500078188	1.83600990516
158	3.38546280522	1.87797708946
159	3.64059568367	1.32177831952
160	3.54453144369	1.88291317744
161	2.88594374817	1.42107660541
162	3.31961666977	1.83252324619
163	3.38462727519	2.59251702391
164	3.39307083279	2.72440077428
165	3.39243332579	1.50862710324
166	3.38154277286	2.22731086594
167	3.58554517364	1.32814834215
168	3.37890219551	1.41204088263
169	3.34153988098	2.72317312461
170	3.61842572026	1.49979902531
171	3.43601896578	1.47561549677
172	2.98067698381	3.31846191766
173	3.23673157187	2.55257463287
174	3.63018251904	1.59559408194
175	3.38219611159	1.50988152692
176	3.51898356208	2.31417590486
177	2.98705101442	1.43878864312
178	3.35373499364	1.50550762348
179	3.42183674388	3.40420984754
180	3.22201213438	1.74100798787
181	3.43157386305	2.09818004698
182	3.01064238634	1.79087278804
183	3.38633392352	1.46222256538
184	3.6298466105	1.48788170761
185	3.37786774253	2.75526521184
186	2.34208253528	1.88604172018
187	3.38181499733	3.40870362529
188	3.37952831179	4.01055121321
189	3.43748989193	1.31835408277
190	3.17759833747	3.45139026523
191	3.27305620661	1.81477517849
192	3.22243885069	1.6128779159
193	3.27056866244	1.46963819863
194	3.32654311524	1.67647991437
195	2.4100358759	1.38045812367
196	3.40376004545	1.33648653927
197	3.37960997913	2.77560986472
198	3.42822133099	1.55764660342
199	3.3659019267	2.89806070778
200	3.1049206439	1.91752796606
201	3.38461890936	1.32991910459
202	2.97936813229	1.33922716062
203	2.21958206476	1.45619254968
204	3.56224356706	3.70801625981
205	2.99080219052	4.0664129706
206	3.22448708897	2.71214825864
207	3.54073598869	2.64253182374
208	3.06709579243	1.73426792871
209	3.38549002766	1.33654755306
210	3.52279697312	3.5602609903
211	3.39288868793	1.33685351016
212	3.41304267437	1.34858071751
213	3.38410168287	1.4238436817
214	3.42691441172	2.28637614241
215	3.29158212872	2.22797175932
216	2.68823616607	1.34728643256
217	1.85398812429	1.51973180117
218	2.39194790745	3.98734920345
219	2.99947900363	4.23505152928
220	2.21489064729	3.68561939347
221	1.70940292441	1.71611208252
222	2.40285528869	1.74326651671
223	3.50456250129	1.32889187555
224	2.32833765168	1.72072496794
225	3.23944104363	1.60718681564
226	2.98975035637	3.72088700002
227	3.63320569587	2.70116655844
228	2.65065597228	4.29616514166
229	3.34380779994	4.39374817126
230	3.63421342148	3.47975325713
231	3.2192242545	2.56607501561
232	3.29891961971	1.95154451907
233	3.38777830277	3.17490867136
234	2.92297566786	1.92209445062
235	3.37898386285	1.51860827507
236	3.48294634505	2.10523160666
237	3.56755720406	1.46236094347
238	3.54554356503	1.98934490857
239	2.38164134172	1.41940763409
240	2.99059159621	2.03583628406
241	3.42483992702	1.35130144064
242	3.341905712	1.31876138806
243	3.09847235961	2.16181749317
244	3.34563648988	2.21217568856
245	2.94056562992	3.62540312097
246	3.35507562885	2.84473637457
247	3.40913419904	1.89969726801
248	3.44307941131	1.34189955537
249	3.56553296139	1.34700141903
250	3.4092481098	1.53128399667
251	3.37446467309	1.3409708127
252	3.25114818317	1.97944118604
253	3.21945183653	1.89468917786
254	3.37921119585	1.33759384687
255	2.38459353513	2.97664106848
256	2.40064433304	3.16459272241
257	3.08512688147	1.36793127549
258	3.27642195881	1.57648037043
259	3.28079170078	1.85717357688
260	3.39197796364	2.12284221516
261	3.58104528409	1.53177842917
262	3.42867591161	1.87823635065
263	3.39177786747	2.37520753824
264	3.24239967363	2.05652865712
265	3.33906001164	1.6756427039
266	3.39395047781	1.42215564402
267	3.38587114192	1.58568263781
268	3.62312843977	1.78493256647
269	3.21774497129	1.46611953411
270	3.3799254156	1.55938382868
271	3.38374779106	1.87125708195
272	3.41609096675	3.98396213633
273	3.21905356797	1.3583378014
274	3.3820872218	2.26637147957
275	3.63622887269	1.81014284968
276	3.41454344395	2.38770058525
277	3.37688773444	1.92938227468
278	2.9133811431	1.37570429185
279	3.22101646299	3.75537571579
280	3.17264926946	3.14078870083
281	3.10043294966	3.72625987454
282	2.48026746099	1.44058709522
283	2.63845461066	2.00275829523
284	2.65895289818	1.74553096679
285	2.99137274748	2.37770034484
286	3.27422697267	1.31880244425
287	3.38728661825	1.39973620711
288	2.30871899679	1.4830130119
289	2.23920071966	4.10723948809
290	2.99966496876	1.70027051676
291	2.25839288206	4.14139282831
292	3.39525657109	1.52783789065
293	3.22836993731	2.65328010901
294	3.40034012953	3.44987605953
295	3.00934970843	1.33123777312
296	2.98644548557	3.41420253368
297	3.1281271529	1.41377355464
298	3.37862997104	1.7818590768
299	2.37396481024	1.48140444272
300	2.3867130586	2.03319688607
301	3.60598377253	2.44941287384
302	2.95255878587	3.0222669929
303	3.16275113345	3.29658851578
304	3.38570780724	2.85926678891
305	2.40278159017	1.88317356367
306	3.37980053626	1.83750774032
307	3.38551725011	3.07258232422
308	3.08817472828	1.95818571752
309	3.40545668313	1.43170821933
310	2.98200156297	1.48951893555
311	3.01452042009	1.45660004556
312	3.42327256727	1.50442140113
313	3.27751945188	1.41250162582
314	3.41689692579	1.98339397084
315	3.0850465694	2.34727557946
316	3.52985568434	2.18841444746
317	3.64025977513	2.82010717561
318	3.51621017224	1.50102644818
319	3.49489939762	1.37542945088
320	3.38156999531	1.49507855554
321	3.56527993106	1.51303416557
322	1.80909158294	3.56492031488
323	3.4284486213	1.66960126108
324	1.55698039337	2.97042676709
325	2.49760565363	3.1505717049
326	2.66969009641	1.35746119888
327	3.21763118028	1.86662821714
328	2.109553052	2.86569902635
329	3.23086245439	1.59300786883
330	2.74515971328	1.50380200531
331	3.37577789182	4.28780701383
332	3.17223684713	1.86688487299
333	2.34919974156	1.42469205265
334	3.32783796659	1.85768256609
335	3.51667240388	1.54378907464
336	3.10903317356	2.80029513801
337	2.93376950821	3.52418552115
338	3.21902512022	1.43802114443
339	2.98265990629	4.17400022166
340	2.34297218607	3.69359987513
341	2.98782752245	3.07532222315
342	3.26398370402	3.48585519973
343	3.14426842746	2.30968804275
344	3.40042255288	1.3282010668
345	2.36891326147	2.03671714921
346	3.32913281794	2.04969773028
347	2.39017914292	1.99048138113
348	3.50283694412	2.32526558293
349	3.5135523403	1.78777851571
350	3.37305492655	1.71852509916
351	3.39726016452	1.98509157421
352	3.17966044914	2.79525770658
353	3.43140339532	1.32049324619
354	3.57409090934	3.58776827661
560	2.38807560941	1.38952336146
561	3.3798277587	1.37866908774
562	3.21788721006	3.13195991212
563	3.38399279308	2.07480061893
564	3.34208133147	2.41181817514
565	3.18217703706	1.7271372709
566	3.38366612372	1.33784252057
567	3.0869971511	1.3235850371
568	3.09177811076	2.33327374082
569	2.98944991357	2.34973564165
570	3.14280371862	2.32665605597
571	3.14793019957	2.17010519289
572	3.32395341253	1.37171954481
615	2.37520707402	1.44213643156
616	1.58613730789	1.48713988158
617	3.43208526624	1.34879829685
618	3.32324832981	3.02902864647
619	3.42952825027	3.45998083032
620	3.00861816419	2.22863288955
621	2.39865447294	1.44539160129
622	1.58993177133	3.32724485179
623	2.22725892972	4.34599514662
624	2.94296426111	4.10954845543
625	1.63711019541	2.88680425715
626	1.5057519761	2.44830900077
627	2.37838635924	3.0186662252
628	1.78925657855	4.28840243663
629	3.22258108946	4.00148492791
630	2.01889657427	1.66587644683
644	1.51177731354	1.66032519694
645	2.1259575575	1.35962564947
646	1.45691993466	1.39762622824
647	2.71215083485	1.35078049195
648	2.39430626015	1.95292528949
649	2.60575496151	1.37379077054
650	3.40135842383	2.16372648652
651	2.99604102108	1.87435365004
652	2.36771560401	2.39415382513
653	2.07329046091	1.6613499495
654	3.0449778708	1.33722261269
655	3.01612840781	1.68173394427
656	3.24047989081	1.33600056064
657	2.77854947715	2.11756979623
658	2.93017156143	1.64093700902
1014	3.08184107351	1.91565262272
1015	3.42947142769	1.6167015889
1016	2.23024437721	4.33094318005
1017	1.72307118599	3.51495586809
1018	1.70194750901	3.63538572728
1019	3.19353894312	2.55873723614
1020	1.57359050749	3.73110052425
1021	2.03530107976	2.50005136972
1022	2.3786891483	1.73561167726
1023	3.08810545904	2.31798114268
1024	3.22076043321	3.58828888075
1025	1.60634945314	3.00430105025
1026	2.2323768397	4.43258332606
1027	2.40464781099	3.38777502793
1072	3.37992153462	1.33134920168
1073	3.51829021462	2.07751516038
1074	3.1208989858	1.43712842347
1075	3.35544145987	3.68296219353
1076	3.62010526294	1.50644098049
1077	3.31920562424	1.36663554355
1078	2.36981150457	4.01963265685
1079	2.81492542139	2.34271459014
1080	1.56234673793	3.54837561761
1081	3.47864324613	3.04756591267
1082	2.736648597	3.02542077329
1083	3.23413658183	3.2570386353
1084	2.55646146056	1.51796756282
1085	3.10299734637	3.75591652637
1086	2.37133383836	1.98169849912
1087	3.27043288996	1.51414318467
1088	3.59209046752	1.43358655363
1089	3.3839762797	1.89996144383
1090	3.51875244626	1.34829144069
1091	3.53238598767	1.32593232482
1092	2.98271999485	3.66440324258
1093	3.42725534718	1.76177882734
1094	3.59904484227	3.74349286366
1095	3.36312391136	1.62655915894
1096	3.42765310522	1.54109458725
1097	3.3772144038	2.02007183909
1098	3.42685758914	2.15262074223
1099	2.51494384627	1.94246856039
1100	3.39516549866	2.23161090659
1101	3.39600977442	1.47835343324
1102	3.38100632767	3.62068197874
1103	3.02414214753	1.33859422604
1104	3.21942338877	3.39922238631
1105	2.97840375352	2.42634345062
1106	1.73586879995	2.47793988405
1107	3.62279253123	2.07540343587
1127	3.38399692566	2.77769384337
1128	3.22064664219	4.09513295279
1129	3.36934303876	1.37989085568
1130	3.24019155858	2.32109984818
1131	2.97998182787	4.44964997174
1132	3.05555600723	1.3499677203
1133	1.84967114916	2.1422160481
1134	2.97174783538	3.22787563726
1135	2.7215904682	2.00764215722
1136	3.09273975953	4.19388816246
1137	3.43185797593	1.76524966588
1138	3.17512380347	1.34351868647
1139	3.31229975036	3.09226536996
1140	3.1718244248	4.31352926208
1141	2.39511694389	1.69941077184
1142	2.35127559339	1.71043706978
1143	1.51438590327	3.46251072379
1144	2.97989583253	3.03173703828
1145	2.96655080114	1.46291504795
1146	2.39393776754	4.33876558411
1147	2.36343415412	2.86612831588
1148	3.38464613181	4.00544956254
1149	2.8004819691	1.58259810299
1150	3.39425477437	2.24390425524
1151	3.39234225336	3.09823761148
1152	3.39762445424	2.32422334987
1153	2.38663736134	1.72160657339
1154	3.06132589983	4.27531681292
1155	1.84017380387	2.59290873001
1156	2.86907583037	3.87891550792
1157	3.41958969521	1.92829987327
1158	3.42861908903	2.44647039657
1159	3.52681932033	1.39419654428
1160	2.97726403315	1.93781823176
1161	2.99203372164	1.71065459935
1162	3.35864639994	1.68046960199
1163	3.37887497306	4.25337380327
1164	3.10771307182	2.08781337896
1165	3.20944561162	2.48878248406
1166	3.39926375796	1.33697630749
1167	3.37914719753	3.0525548656
1168	3.51597905642	1.60511343125
1169	2.94736175162	4.30933336332
1170	3.36340002092	2.49704112286
1171	3.54276023136	2.53150629618
1172	2.40012844338	3.27483501883
1173	2.71166278039	1.32674507076
1174	3.41660274056	1.31855699526
1175	3.38894932889	1.31859775539
1176	3.6125439879	1.8307842688
1177	3.63286978733	1.51652942418
1178	3.21714756846	2.98420260832
1179	3.59699943793	1.34223406176
1180	3.37705106912	1.87616391905
1181	3.39285576728	2.93119296505
1182	3.42680076656	3.21503776923
1183	3.36890421364	3.26328218158
1184	3.25852904583	3.58412570561
1185	3.3803950938	3.99752319469
1186	3.06228754859	3.58204553914
1187	2.36922265632	1.9380913068
1188	3.54124204936	4.1130136828
1189	3.38386560284	1.63617522777
1190	3.27302259266	3.496044052
1191	3.35439316012	2.20432881262
1192	2.98381931963	1.71087218813
1193	3.08803618979	2.22896354348
1194	3.4264598311	2.9158924325
1195	3.22013458262	1.51366753549
1196	3.41630855533	1.37913781424
1197	2.38852979301	2.25426649767
1198	2.99798248908	1.36257873035
1199	3.21666395664	1.52980389662
1200	3.52268141521	2.66928283908
1201	3.38124332594	2.59447614655
1202	2.61209966955	3.23264135747
1203	3.51493903523	2.51971034551
1204	3.38746626822	3.28352202902
1205	3.42465364429	2.1529370426
1206	3.64126750074	1.57558647707
1207	3.53820568535	4.32613436678
1208	3.61641026904	4.06698591955
1209	3.63589296416	2.25192166264
1210	3.6160743605	4.1623334076
1211	3.51586349851	1.95430754023
1212	3.63858023245	4.35685547771
1213	3.4189451926	2.11046376122
1214	3.51540126687	2.95538320954
1215	2.36580655621	3.2970732887
1216	3.57368182848	1.94713600138
1217	3.37691495688	3.91778312541
1218	3.55794205138	4.16058542832
1219	3.42456157249	4.07730912581
1220	3.43896081808	4.11012584529
1221	3.04177237491	2.20465508484
1222	1.38299020579	3.05073987193
1223	3.03792577985	3.33164351315
1224	1.51636947688	3.36651222687
1225	1.51214061054	3.21693695184
1226	2.37679671663	2.12844342826
1227	2.37475289042	2.14441771611
1228	1.40154974099	4.46431547366
1229	1.57870131184	3.90998639068
1230	2.8073931913	3.33947519804
1231	1.49960500196	2.23857826491
1232	2.83737756799	3.60811571418
1233	1.753219828	4.07214512458
1234	1.45188607511	4.50174379897
1235	1.57333496727	2.13844851029
1236	1.52517202296	4.44293968172
1237	2.76774690649	2.14253039447
1238	1.51804592437	4.21266959497
1239	1.37105907601	3.50932496892
1240	1.50100204153	2.48578644815
1241	2.36936238302	2.20041816451
1242	1.55928025532	4.11359142794
1243	2.44905871424	1.79469648366
1244	1.53065975099	2.41870586814
1245	1.62423360562	3.33457861861
1246	1.31365264252	3.22026280108
1247	2.19609130137	3.30289518238
1248	1.56183565749	3.91054291543
1249	1.86175867953	3.60445697822
1250	1.62924116832	4.37439303099
1251	2.334965329	3.20839809086
1252	2.37944612097	1.80070135438
1253	2.37543416583	4.27828830178
1254	3.24534923479	3.30435198808
1255	1.36177930841	1.71567412199
1256	2.31852832424	2.1400172815
1257	1.30456877613	3.32968796042
1258	2.88054601448	3.73379184653
1259	1.5952612786	1.71436166147
1260	3.02991204013	1.40144124335
1261	3.2315415918	4.09340557939
1262	2.3074395193	2.94348561636
1263	1.51273717398	1.75533557455
1264	1.60313030569	4.44598892536
1265	1.57307942706	1.69277987135
1266	2.952159014	2.28161062138
1267	3.09574496429	3.06938846963
1268	1.64068702591	4.51283032278
1269	1.30327108093	1.77997267238
1270	2.31810183174	2.37342873847
1271	1.46626853095	3.67712156435
1272	1.53551501511	4.34900998085
1406	2.79884521597	1.63637295438
1407	3.21697688194	1.3332219681
1408	3.22380434288	1.31896726116
1409	2.38232261712	3.69892759778
1410	1.59490359555	3.70480390387
1411	2.59648192668	1.46125557671
1412	3.33813077254	1.7759766456
1413	3.10267679678	1.90871246384
1414	3.1119360586	1.98792565014
1415	2.3961487232	1.33259054794
1416	3.25625666461	1.58495532539
1417	3.42575850591	1.64014101032
1418	3.40766852078	1.43108506851
1419	3.38012720562	1.4182226172
1420	3.37792218742	1.50659674724
1421	3.29676153413	1.37207750791
1422	3.00525320483	1.66856466606
1423	1.51759006559	1.71458025686
1424	3.33262657983	1.56743211427
1425	3.21623724033	3.38827081435
1426	2.37639680757	2.84900292037
1427	3.00586382837	4.04297304578
1428	3.00417899677	2.18712331099
1429	2.37505654649	2.70685538504
1430	2.36778546736	3.77054079439
1431	2.93656791127	2.1678699515
1432	3.36314983035	1.48803025045
1433	3.1561523761	1.61977758045
1434	2.68140340356	2.39918627526
1435	2.23877422716	2.43656751358
1436	2.98710645973	3.18337030966
1437	2.99771560721	2.55565403971
1438	2.37493741217	3.0776071006
1439	3.09285369745	1.84477732715
1440	3.00773386104	2.38984953357
1441	2.97814074112	1.89337481214
1442	3.31007841297	1.69491265421
1443	3.26568510167	1.79493596794
1444	3.34263737405	2.43876442387
1445	3.38341910526	1.97859567064
1446	3.1011125631	1.48359972252
1447	2.99732151492	1.33703779497
1448	3.00709167928	1.47034506971
1449	3.38440112979	1.34836367107
1450	3.3834211217	2.58003679691
1451	3.38505999567	3.55302268524
1452	3.6224566227	1.45241495298
1453	3.22132938829	2.59761382181
1454	2.6809153491	1.39052861255
1455	3.38086221169	1.54683824303
1456	3.37767212853	1.54700796872
1457	3.24262237733	3.12732176701
1458	3.08909505056	1.89495222864
1459	2.734029792	1.61002570439
1460	2.39806488477	1.41775026839
1461	3.0035106366	1.35471967496
1462	3.37846663636	2.38340908355
1463	1.8807533701	1.38487799622
1464	3.00278957388	1.98962893789
1465	2.2869678794	1.38723375502
1466	2.3070130268	1.93101059964
1467	2.77822212652	2.45530919716
1468	2.98830823093	2.88550801166
1469	2.771675114	1.67689887488
1470	2.37921902917	1.37634765988
1471	2.57988807487	1.92992481282
1472	3.08918296741	1.34163301608
1473	1.58424007616	2.13719455915
1474	2.95415787333	2.6809440603
1475	3.38415451304	1.32449785883
1476	2.31511638425	4.05039444042
1477	1.64032934286	3.87615035184
1478	1.65320593264	2.29799786786
1479	3.28593356542	2.68538030885
1480	3.10925319052	2.12315289037
1481	3.10595293616	2.41906897042
1482	2.36921267584	2.03759854727
1483	3.00531329339	1.76548152881
1484	2.99636844799	2.04644183798
1485	3.32086762266	1.5400880625
1486	2.31341041426	3.58464589526
1487	3.23644323964	1.48847623425
1488	3.3927976155	3.37638828295
1489	3.31488945306	2.39200061353
1490	2.35097904313	1.86278548484
1491	3.37868441593	1.46639966539
1492	3.5088763942	1.32643851467
1493	2.79491700846	2.70157251832
1494	2.79720846284	2.08447411201
1495	3.42354670184	3.20035122671
1496	3.3825129556	2.00132512191
2050	2.39607502468	1.70263970032
2051	2.67749896785	1.65036095971
2052	2.44836518654	4.13269023565
2053	3.30971004765	3.86841579004
2054	3.36014754341	3.00609338123
2055	3.09562470583	3.11852560428
2056	1.51250390755	1.66794341959
2057	3.42219225994	3.96199815881
2058	1.49597269906	4.50851661718
2059	2.38360947066	3.36700546715
2060	2.81068854196	2.09085529349
2061	2.03961805489	4.49251968417
2062	3.38457474606	2.32144666707
2063	3.2838130206	3.0155186621
2064	1.63925629371	3.78790358008
2065	3.00921904979	4.0378410192
2066	2.40233939904	3.34535890937
2067	3.04465732121	3.29755812084
2068	1.68579410896	2.62550329878
2069	1.48144348746	2.25460171095
2070	1.56515768032	1.8612521223
2071	2.31767533924	4.51098123654
2072	1.79392800918	2.51364437673
2073	3.11211341097	1.43942985369
2074	3.08567281889	1.51003859634
2075	2.37243007664	1.97972314293
2076	3.22853361381	1.47633393394
2077	3.28922604463	2.7044158954
2078	2.40903132142	3.30338072507
2079	1.50547256818	4.50543717526
2080	1.65070215129	2.6239248159
2081	3.3649219462	2.87257486684
2082	1.60921091754	1.90897865287
2083	3.22050440342	4.40525204458
2084	3.00037942763	3.34879501193
2085	2.36874359333	1.76780341483
2086	1.56720200206	3.04575352434
2087	2.39961255373	4.33515400032
2088	1.6492714191	1.3504101621
2089	3.37849385881	1.63538491346
2090	3.38420704217	2.75154389328
2091	2.97941512405	1.74575773746
2092	1.31235494732	4.16699729104
2093	1.49764914655	4.53629820829
2094	2.35335144522	4.14894585193
2095	1.58190502174	4.37076048604
2096	1.52793769468	4.48208179315
2097	1.38961861122	4.51529660008
2098	1.5797234727	2.35325504925
2099	2.33437222848	3.93117638256
2100	2.64528737316	4.40585810372
2101	3.02638599465	4.48514998472
2102	3.30712034495	4.01282015302
2103	2.56231811414	4.36955011142
2104	1.52489545579	4.19447413811
2105	1.49457565948	4.52640657198
2106	2.31724884674	2.14033121338
2107	1.40022405991	3.35912072804
2108	1.4822817112	4.32733621482
2109	1.5877426578	4.52331854427
2110	2.20508131984	4.03385275886
2111	1.40950382751	4.37863369426
2112	1.49932559404	4.52393603139
2113	2.3756224345	4.47411142288
2114	3.33824740177	4.37136576217
2115	2.36801501837	4.08765151686
2116	2.99407673268	3.90553632438
2117	1.58263472625	3.11159636442
2118	2.36857392519	4.21325749781
2119	1.5102373957	3.34928612057
2120	1.63639482931	1.72625020196
2121	1.29808030014	3.97156112759
2122	3.42918731481	4.48269531304
2123	2.9950982382	2.48466391169
2124	3.22010613487	1.5431140317
2125	3.48916193239	2.29525718615
2126	3.54933902003	3.41820623992
3526	2.998403109	1.42823764111
3527	3.3949833538	2.16946625643
3528	2.92057703667	1.32186878085
3529	3.2559354215	1.49041498881
3530	2.79851786535	1.35303355747
3531	3.5237214364	1.81062945663
3532	3.38782556816	1.33456536228
3533	3.40601207226	1.7590117489
3833	2.26606974702	1.7220477314
3834	2.36758585778	4.29018906033
3835	3.46573394936	2.2193986196
3836	3.43014225397	2.86140938775
3837	3.36980088497	2.92987864864
3838	2.78182298341	3.78844695969
3839	3.27172774131	2.48204673238
3840	3.09661234434	1.93209733386
3841	3.24855319314	3.02046613535
3842	3.09456519514	4.09398131131
3843	3.40424860486	3.16318822256
3844	2.98433550906	3.44080201643
3845	2.77756742527	3.54734358725
3846	2.98165905432	2.76355198022
3847	2.70483001788	4.5189977924
3848	3.39489228137	1.94383956078
3849	2.76741955586	3.75159169965
3850	3.38627947862	2.26098201364
3851	3.38271333808	2.62629289549
3852	2.98162791717	3.97043518426
3853	2.38995804736	3.1222266464
3854	3.21871219493	4.45087079423
3855	3.42379098155	3.47061633055
3856	2.34415838711	3.35715191175
3857	3.37080636286	3.76620317781
3858	2.98752707965	3.29465001619
3859	3.04016962697	4.35745939195
3860	3.22337762657	3.88721985802
3861	2.99739243773	3.99469516161
3862	3.07575063132	3.4392915411
3863	3.28373857928	3.16084857372
3864	3.52164139402	2.67169141989
3865	2.18467337373	2.62510858924
3866	3.0507477634	3.24266864352
3867	1.80650139786	3.12500491491
3868	1.68455153972	2.57072041614
3869	2.528908861	4.35564782686
3870	3.40973801245	4.39737866408
3871	3.2178018668	4.36047985136
3872	2.49136390428	2.41652849791
3873	2.79066145032	4.22561713557
3874	3.2260632795	1.37515514282
3875	2.9916207578	3.73648464911
3876	3.60292233869	1.69149805299
3877	2.42617229996	2.46492224705
3878	3.01869280452	1.88760918902
3879	3.5157479406	1.37118437652
3880	3.38630166182	2.66968412118
3881	3.37928330977	2.06728539123
3882	3.39971912011	4.00771637071
3883	2.99194818471	3.67128809986
3884	2.3749514247	2.35925163139
3885	2.28611489441	2.21578357174
3886	3.22021992588	3.4473535676
3887	3.37865284582	1.98650787202
3888	2.67408258659	1.47965781126
3889	3.24422820975	1.80504777647
3890	3.00971109455	1.4362386039
3891	2.39636981876	1.57953068053
3892	2.90778433699	1.35356694075
3893	3.22468278648	1.32937598979
3894	2.97919279069	2.54988326053
3895	2.49067037658	1.5504149172
3896	2.83142592539	1.56796010134
3897	3.28629939644	1.60323475365
3898	3.52325920476	3.82717825866
3899	2.37549954385	1.6878749822
3900	3.33237638925	3.48076965544
3901	3.32712238711	1.70307123073
3902	2.09573873158	1.61631815578
3903	3.5490859897	1.9402780388
3904	2.5184114848	2.55142083231
3905	2.99513025138	1.97297252014
3906	3.37794940987	1.87875505068
3907	2.68726005714	2.65447702748
3908	3.3986574415	1.47475532618
3909	3.56148447605	3.71981313567
3910	3.41793240278	1.36316185198
3911	3.32862353058	1.63105511942
3912	1.56771308249	2.58782650097
3913	2.39224270154	2.86655766462
3914	1.49289921199	1.96737305456
3915	3.50973917278	1.51177026792
3916	3.4121899621	1.35651307652
3917	3.21896822471	1.46249938077
3918	3.38200555446	1.84704353113
3919	3.38127054839	1.75167455855
3920	3.21850311857	1.39804632922
3921	3.42101551902	2.56839665005
3922	3.41836785194	3.61806119437
3923	3.61210664021	1.83975848988
3924	3.34113305948	2.68861117157
3925	3.38908311794	4.04868092271
3926	3.0047124078	3.49808466465
3927	3.32136370983	2.52274901428
3928	3.60685846791	3.65752839219
3929	3.55920720305	1.64053889125
3930	2.99416074294	1.39522903303
3931	3.21928115	1.9391841991
3932	3.38404723798	4.42528326029
3933	3.41830068999	1.76224083605
3934	3.23307837624	1.34064193148
3935	2.98470291733	1.35604221281
3936	2.0033554638	2.8349457903
3937	2.40292898722	2.66647552229
3938	3.38233222382	2.35395964132
3939	3.3772071085	2.38376638303
3940	3.21663550889	1.93945757021
3941	2.98296034909	1.32841255751
3942	3.32687219653	1.33219246548
3943	3.37117219388	3.85683570787
3944	3.00838019999	1.53046112674
3945	2.76938365962	2.11818919263
3946	3.21664921819	1.51716800478
3947	2.72453662384	2.47831293784
3948	3.38252611009	1.53459027945
3949	3.51782798298	1.48595603897
3950	3.38129777084	1.3407075893
3951	3.37903830774	1.38972393798
3952	3.37314867756	1.59116767923
3953	3.39247955166	1.31972066128
3954	3.38318272418	1.38693741998
3955	3.19853818179	2.27583951972
3956	1.84362738398	2.91371256336
3957	3.18444941827	1.36819202061
3958	3.0164489574	1.35849795344
3959	2.76905630899	1.65583387172
3960	3.33913153486	2.81039558057
3961	3.57981804149	1.92074959056
3962	2.36966179739	1.46388701046
3963	3.00945940403	2.23891069522
3964	3.37850085709	1.42737725007
3965	2.36896316387	1.95264901699
3966	1.85657830937	1.48743643435
3967	3.21751738926	3.08447061479
3968	2.99997779355	2.3805528194
3969	3.33085928641	1.57665932673
3970	3.40302720632	1.34304291676
3971	3.55389356604	1.53276889291
3972	3.62816706782	2.32804747641
3973	3.51309010866	2.61368777001
3974	3.37690507438	2.38877479296
3975	3.06292864777	2.55180537328
3976	3.53947083702	1.81599776513
3977	3.24624653533	2.70807592923
3978	3.38499497908	3.6951975702
3979	3.08498834297	2.00304510753
3980	3.4054237018	1.91271151664
3981	3.447786375	2.81376997393
3982	3.3842377951	2.39056632337
3983	3.52002358328	1.45348952934
3984	3.39552978837	1.3401876648
3985	3.525048108	2.69954331106
4050	3.09530415624	1.96541883717
4051	2.98511199755	1.3181928186
4052	3.005372688	1.63223313015
4053	3.03696413108	1.43459377945
4054	2.30999847428	2.0139878513
4055	2.66090511604	1.48462874578
4056	3.1009492446	1.38131302249
4057	2.99113239325	1.76409123939
4058	3.3851633583	1.40852382949
4059	3.51332122448	1.88682518814
4060	3.13390968658	1.4133102061
4061	2.37604766299	1.32420729006
4062	3.32093209271	1.82756243698
4063	3.50542527987	1.95985134623
4064	3.34538629931	1.40774906935
4065	3.46143085043	1.4313341512
4066	3.47051517039	1.51941049765
4067	3.10011240007	1.40785957173
4068	2.31298392177	1.31747885388
4069	1.58686701239	1.31839454684
4070	3.42087870043	1.50333808018
4071	3.07382733379	1.49101354189
4072	3.38007276073	1.31799257067
4073	2.9920938102	1.76432280626
4074	3.33862839453	1.51129728331
4075	2.99954479164	1.54836790592
4076	3.48246822295	1.31751801528
4077	3.04850391628	1.41551954942
4078	3.11035327531	1.76873382718
4079	2.69018838393	1.35273006969
4080	3.30927843054	1.45187908589
4081	3.35214898066	1.42131597728
4082	2.51771795709	1.35612054206
4083	3.572045505	1.51319241924
4084	3.47768700193	1.95596819511
4085	2.45044576965	1.86048624039
4086	3.25666708355	1.82509091422
4087	3.2966348272	1.33771806529
4088	3.38098704277	1.48922072483
4089	3.08568103543	1.76687394987
4090	3.00414483709	1.45308611911
4091	3.42256958301	1.48610381205
4092	2.79033409969	1.45905621195
4093	2.9975962989	1.4597418851
4094	3.3408828689	1.55058588635
4095	3.32050047559	1.32975583897
4096	3.09269311593	2.35960490443
4097	2.99041133053	1.76571345096
4098	3.38068380049	1.42059857222
4099	3.41986591062	1.70393500209
4100	2.9361681394	1.41135368191
4101	3.17883560447	1.81942888296
4102	3.38608892149	1.34594105603
4103	3.38353001148	2.19619125106
4104	3.38524502564	2.50042791703
4105	3.29596115233	1.80238934996
4106	3.12870540627	2.74700212839
4107	2.13027453263	1.98679130922
4108	3.16563808978	1.97016982673
4109	3.0937014083	1.3571442107
4110	3.36565173613	1.45470295748
4111	2.99605965516	2.32943984425
4112	3.38287667276	1.43071188857
4113	3.59290862925	1.36274504047
4114	3.35546146211	1.45147780731
4115	3.22138696359	1.41101194978
4116	3.21685520712	1.382076959
4117	3.3323941054	3.5721776863
4118	3.41988250621	1.61192569842
4119	2.31213093677	2.99088876619
4120	2.99965462408	1.4881788525
4121	3.00988002395	1.48433444307
4122	3.4052257237	1.48315960074
4123	2.62186075885	1.31803250183
4124	3.43136365251	1.32488859975
4125	3.3433690361	1.48155038022
4126	3.0866088585	1.62987924034
4127	1.88852392533	1.50133389602
4128	2.97665033757	1.38634634864
4129	3.41499691204	1.36569380748
4130	3.29191910308	3.95525813085
4131	2.59208943649	3.52469884217
4132	1.56439105967	2.97708539124
4133	2.9859726436	1.47690974949
4134	1.48647282993	1.43738319054
4135	2.95815559198	1.82114879398
4136	3.48772756608	1.48169637693
4137	2.20209587236	1.46653981985
4138	2.98859205888	3.39473873386
4139	2.40820941322	1.89679524205
4140	1.5559582325	1.9958925637
4141	1.5183166596	1.36845329864
4142	3.21626275526	3.48941860386
4143	1.51687500782	3.85903942459
4144	2.3754735166	2.15864057457
4145	2.19953691737	2.11849897964
4146	3.09913241048	1.45741663605
4147	2.98711863779	2.64531427136
4148	3.00333037092	2.08083944662
4149	2.36834437418	2.16436329134
4150	3.06036425106	1.38217271751
4151	2.98608495421	1.35897983064
4152	2.90978319632	1.35145081604
4153	2.55548535163	1.3175572359
4154	3.05747930476	1.49872813895
4155	3.21808634434	1.48242724868
4156	3.42005005422	1.48257360067
4157	3.34838858624	1.49811750656
4158	3.41820861819	1.34496340399
4159	3.10844668938	1.50241182865
4160	3.40773349386	1.32700216252
4161	3.20126503925	1.44097362994
4162	1.66071727668	3.25368087063
4163	3.22167076133	1.81746682311
4164	2.98957433961	2.60388198063
4165	1.5179812765	1.89390038079
4166	1.93946423187	1.31843507013
4167	2.57012698557	1.78801606303
4168	3.30409902513	1.80263072904
4169	2.4435104926	1.77715017122
4170	2.9966004522	1.4207179917
4171	3.38362922177	1.82830504845
4172	3.21680619541	1.75717176693
4173	3.36715287959	2.38090964518
4174	3.38512492089	1.76131705548
4175	3.38184221978	1.45809875646
4176	3.39880839582	1.36324539191
4177	3.5986357614	1.3320227469
4178	2.36928253919	1.75970271915
4179	3.21839926963	1.78091540089
4180	3.22073198546	1.69555364371
4181	2.82551761994	2.04260320238
4182	2.41076646097	3.72196110123
4183	2.98957009069	2.12564042362
4184	3.32215083674	4.05553819104
4185	2.98679121088	1.82016563241
4186	3.21171799283	3.05755098322
4187	1.43458322799	2.39092480709
4188	2.654560408	1.48023907435
4189	2.15857525342	2.17522521113
4190	2.48304157182	3.28738908051
4191	2.04566182007	3.36799212536
4192	1.56413551945	2.90544233683
4193	2.39887556851	1.39214933046
4194	2.22214101975	1.79733406743
4195	2.97779005794	4.09628483112
4196	2.3766453221	3.96593377941
4197	2.97980648627	1.42432810983
4198	2.98085853584	1.83825745726
4199	3.40964601487	1.66258160658
4200	1.53168191185	4.3858894162
4201	3.0026093082	3.16506100745
4202	1.66214800888	2.2075941994
4203	3.09498360665	4.37318194582
4344	1.49569329114	4.38045200956
4345	2.40005474486	4.00035270807
4346	1.57205726619	4.00091878839
4347	3.52833750233	1.73471560805
4348	3.32727247107	2.11416734974
4349	3.41489403334	2.3613721578
4350	3.40636740742	1.69683722144
4351	2.25583392707	2.93865082414
4352	3.17141200246	1.39143840119
4353	3.34188363121	1.72780319434
4354	2.96854966047	1.66525750965
4355	1.43966098765	3.21883708185
4356	2.98302580142	4.07099822009
4357	2.99545876956	1.55955787687
4358	2.03875465986	3.61858523282
4359	1.32403420411	1.7478013381
4360	2.78804264531	2.85113841373
4361	2.37550330018	3.02406879785
4362	2.24645109212	2.68659143828
4363	1.5988381091	2.68982372209
4364	1.37901316253	4.39132902696
4365	2.4057436886	4.50297468755
4366	3.38611614394	1.50581850564
4367	2.38194413078	2.10676869928
4368	3.36861137671	3.53549226164
4369	3.10384051144	2.09971033018
4370	2.99047141909	1.38169451705
4371	3.38674766835	1.90924490112
4372	2.99424017307	3.25416037366
4373	2.40893999829	1.4422659278
4374	3.19808370555	2.40134659234
4375	3.19535684809	4.06469447905
4376	3.35989735283	1.63855185511
4499	1.84708096408	2.27448410037
4500	3.10639297007	1.3692403302
4501	3.25813040764	3.38926522755
4502	2.40985322963	2.38198047778
4503	2.99846319756	1.32746831003
4504	3.00921995419	1.39699785314
4505	3.0879315157	1.3480751048
4506	2.86570224681	2.39810691609
4507	3.08491173519	1.49888094508
4508	3.38276249116	2.65208372344
4509	3.39375401712	3.59662659977
4510	1.96104910752	1.45919322815
4511	1.73787084165	2.89199456822
4512	1.9273767015	1.36109259752
4513	3.41160159164	1.40686718192
4514	3.42935778254	3.65383069453
4515	3.38777258797	1.91699185762
4516	3.00405143364	4.4179917211
4517	3.34666151531	1.35667050479
4518	3.42041834143	3.72787289153
4519	3.09516671092	2.17394378548
4520	3.00825763283	2.10032285795
4539	2.3871672422	1.53541913202
4540	2.40711353561	3.00071923049
4541	3.00389926691	2.03877457366
4542	2.36943224637	1.32255479038
4543	3.07030128831	4.05153708163
4544	1.57614590966	3.9300589658
4545	2.93296996448	2.1237744184
4546	1.48423756661	3.24745271955
4547	2.40428251845	1.44961222018
4548	3.21444485029	1.36399991591
4549	3.39607622295	1.45714420237
4550	2.16836204854	1.34005882782
4551	3.34519819122	1.47346906712
4552	3.41121116128	1.31900861342
4553	3.00741069156	1.47418306336
4554	3.00471783418	1.9998934289
4555	3.41035559758	3.38628802395
4556	2.36878351525	1.35310957744
4557	2.27630556696	2.82053012942
4558	3.23671418618	2.75816288662
4559	2.24133318215	1.33327972521
4560	1.54675878467	2.80071530884
4561	2.79819051472	1.49011606754
4562	2.88864261502	1.36594993405
4563	2.90551053282	1.79421769273
4564	2.3978437892	3.95806543962
4565	3.27569029677	4.21737447566
4566	3.12523588606	1.87668167168
4567	1.73319941102	2.63697563273
4568	1.51493903761	2.41399092681
4569	2.3858046914	1.66217081737
4570	1.87729978999	4.12805430043
4571	1.5959766447	3.06300946465
4572	3.21825703086	2.79441896365
4573	2.48789626576	3.72249824065
4574	2.36799505741	3.10053729201
4575	2.40702221247	2.69994903409
4576	1.93342046669	1.34945423235
4577	1.62101445818	2.1997672188
4578	2.24431862963	1.70956754364
4579	3.38598003171	2.20922911325
4580	3.10499701818	1.32062387553
4581	2.99491797252	2.16595633959
4582	3.26989095189	2.05355484013
4583	2.80174401874	1.83053608031
4584	2.83076463177	3.38381086824
4585	2.18956677129	2.11602234146
4586	2.11127984205	2.52312911433
4587	2.28440892442	3.5856864522
4588	2.99366717598	3.5432178343
4589	1.51581066105	1.89890509584
4590	3.10556174308	3.26039930138
4591	2.99988828726	2.56182422215
4592	2.77985887966	1.72094528048
4593	2.99620473453	1.63696648949
4594	2.84343659531	3.76078648618
4595	3.37835866059	1.46893150511
4596	3.41807366671	1.58277907251
4597	3.00127985163	1.39931231654
4598	1.48088467163	2.06458896874
4599	2.24261265964	2.99580041599
4600	2.05256898028	2.23924318473
4601	2.33526187926	4.27650523083
4602	3.22577494727	4.31412891304
4603	3.24625818727	1.57309145092
4604	1.55570269228	1.89705876653
4605	2.98926964789	3.41270212085
4606	3.50858880134	2.45162221872
4607	3.3833666768	2.05029048046
4608	3.2198985652	2.41435325933
4609	2.2315238547	3.39224988826
4610	2.82222226928	1.46668003352
4611	1.31884342331	3.31164401022
4612	1.53730379664	3.76349409184
4613	1.57282388684	2.62037669335
4614	1.28121026256	4.51159753941
4615	2.81445465701	1.60154900645
4616	2.74024945389	1.33509956483
4617	2.25199549459	2.95670782889
4618	1.50631079193	2.958474817
4619	1.53321515316	4.49743755412
4620	3.29398184794	2.83069878456
4621	2.9948070819	3.78627379653
4622	2.29251228188	1.38112263049
4623	2.33174959167	2.02210563783
4624	3.23361972907	2.31072281505
5576	3.38290389521	1.57202570674
5577	3.33819677741	1.41284780495
5578	3.49442127552	3.56336667377
5579	2.9993314546	1.86457710197
5580	1.34090424169	2.96245400417
5581	2.99912417172	1.32878494595
5582	3.38292007855	2.67209305727
5583	3.37827607923	1.32137417455
5584	3.12032073243	1.56672896047
5585	3.10353274963	2.67450412499
5586	3.41001422786	1.42191544318
5587	3.38393834819	2.41797984122
5588	2.7503973233	1.38361620076
5589	2.58623278292	2.03906872828
5590	3.41378917172	1.42590904419
5591	3.29800598919	1.99646340532
5592	3.10427954473	2.1500924709
5593	2.37642659115	4.22620634109
5594	1.89543108554	1.32349019406
5595	3.25662649547	1.33878348468
5596	3.473383903	2.52388949207
5597	3.07543008173	1.90207698199
5598	1.36443067058	3.59766988047
5599	2.58574472845	2.96156932587
5600	2.3855775996	2.39630916838
5601	2.98572707342	4.36713007274
5602	2.80833472006	3.43174715811
5603	2.98077086504	1.57273596601
5604	2.45530046359	3.71766611751
5605	1.4446948472	4.24568334117
5606	2.37523524796	4.48821965661
5607	3.41342088451	1.75190292795
5608	3.08630445865	2.12906696952
5609	3.10395899514	1.32705375851
5610	3.00507293916	1.67230333599
5611	3.37985498115	2.04910521695
5612	3.09175707633	2.66447207239
5613	3.22035701894	1.8226253127
5614	3.16770020145	1.90340111775
5615	3.08491876824	4.11532501864
5616	2.83374045307	1.58695771421
5617	3.22161386583	4.45148129429
5618	3.07959722639	2.27211439617
5619	3.42170734665	2.28978719148
5620	3.08568766858	2.98286697548
5621	3.41507817694	1.35495182053
5622	2.60965939723	2.4560473034
5623	2.26308429953	3.67606040153
5624	2.66480955176	4.31532839259
5625	3.00353265782	1.80142442579
5626	2.35779969915	3.14637579141
5627	1.97227324286	3.66228683818
5628	3.24216790109	2.76562737309
5629	3.50801361562	3.39722905976
5630	1.90147485072	1.49522994058
5631	3.40946387001	1.32469275559
5632	3.41470988973	1.84251591937
5633	2.60917134276	3.73917893199
5634	2.65700068032	3.40770459353
5635	3.2635282845	2.50834908864
5636	1.4705832677	1.38932302179
5637	2.36877353477	2.74287946851
5638	2.19065419297	1.98028723435
5639	3.37542272244	1.92586793403
5640	2.9681498886	1.43687389324
5641	3.40518346584	1.93073906412
5642	2.39998104634	2.68255641262
5643	2.06465651065	4.14023171286
5644	3.1072730379	1.39337481656
5645	1.47976703997	2.08842128817
5646	2.81045315977	1.74893874421
5647	2.96974897606	1.58043108723
5648	3.36445728536	2.27753512619
5649	3.35639468474	1.31905002489
5650	3.22480001427	1.70415109296
5651	2.98112154823	3.38976252297
5652	3.2841044103	2.21742588713
5653	3.22309314903	2.81883866945
5654	3.35836810806	3.62277967205
5655	3.23762313866	2.89242747902
5656	1.4859140141	1.38654313557
5657	3.43160793222	1.45483807889
5658	3.5708182624	1.8753877342
5659	3.37648823059	1.60361001547
5660	2.97954347388	1.52005334154
5661	2.65163208121	2.92156702009
5662	3.0854732277	1.33024557425
5663	2.40875735202	1.82954391847
5664	1.85226133424	1.3955399343
5665	3.43242620171	3.24362498503
5666	2.61795632313	2.0899420974
5667	1.56004687597	2.20792106375
5668	3.2811403051	2.15959302842
5669	2.04825200515	3.74187469519
5670	2.2502895246	1.93264105625
5671	3.04818336669	2.27109969684
6517	3.29805638548	1.35379642177
6518	2.98698628261	1.45362411784
6519	3.39598515052	1.58169414354
6520	3.51678796179	1.5362494649
6521	3.08487656997	2.06189734245
6522	3.39689233011	3.12824892233
6523	3.00969975827	1.5699006133
6524	3.00002550012	2.07660978032
6525	3.5822725267	1.35619893053
6526	3.62783115928	2.50344242717
6527	3.38456446447	2.34657323746
6528	3.00309001668	1.32440076573
6529	3.01290457269	3.93900493167
6530	2.14322545802	1.51668898051
6531	3.32265856118	1.43930149315
6532	3.40081198925	2.17330342792
6533	3.4289600245	1.33612170003
6534	2.99077186189	1.36535313438
6535	2.98374150037	1.38371290668
6536	3.22425950694	1.420002363
6537	2.47679982247	1.67752775973
6538	3.63656478123	1.57522933422
6539	3.37995213844	3.24458156339
6540	3.40245129298	1.55903590993
6541	3.46955892618	1.38410032246
6542	1.60062652435	2.34026281768
6543	3.50369972271	1.33339541706
6544	3.31280302417	1.65807595198
6545	3.22056300787	3.98283358765
6546	3.16398840045	2.79651626507
7064	3.42272013646	3.53600688533
7065	3.37901931323	2.9571494871
7066	3.55692993005	2.75071758493
7067	3.36641639057	2.99982436767
7068	3.42984107594	2.04083489951
7069	3.38565336234	1.36299494974
7070	3.52360587849	3.04620653261
7071	3.39218536643	1.80335522154
7072	3.59945392314	1.7689665783
7073	2.99786231196	1.42203551399
7074	3.42799404068	1.94301678291
7075	3.41954459287	2.53570563414
7076	3.21657861338	1.37065133988
7077	3.42072133379	2.86441151304
7078	3.40053877197	2.08326160948
7079	3.39334405008	2.28093078006
7080	3.61741799465	3.19137947261
7081	3.37073020664	1.52685808513
7082	3.36092892522	3.68668268793
7083	3.21882598594	3.83594765048
7084	3.37924121628	1.45041033643
7085	3.2275666315	2.27516169162
7086	3.41029044326	4.37621010283
7087	3.38747840274	1.38458592447
7088	3.43513641009	4.26522482347
7089	3.6261516166	2.09390312925
7090	3.385571695	1.71392464833
7091	3.60073560024	3.46149858876
7092	3.2207689968	1.40664730219
7093	3.5468087167	2.49365912488
7094	3.56654508273	1.74507760307
7095	3.30237255666	1.44815454342
7096	1.91960614627	4.51406334301
7097	3.51424568777	3.87228162024
7098	3.37694217933	1.80311366483
7099	3.60948255406	1.37755018381
7100	3.1730616918	1.57113921492
7101	3.59249954839	3.6364377714
7102	3.35244014229	4.12168607719
7367	2.76840160774	1.82164073003
7368	2.40930529082	3.89054532843
7369	3.55212235371	1.344547963
7370	3.54503750436	2.03378300447
7371	3.39105926759	1.94055164676
7372	3.39016101775	1.92667804754
7373	3.4186689772	1.32128501589
7374	3.40354416212	3.39772730258
7375	3.3306250552	2.64054613753
7376	2.97994128589	2.04289812677
7377	2.36768566257	2.63380587711
7378	3.32787295885	1.35682816991
7379	3.54782083803	1.63676858524
7380	3.21851306065	2.64969255105
7381	3.26180054761	4.00941709857
7382	2.98033251105	3.57010296736
7383	2.16944947022	2.29731234216
7384	3.42400914168	1.45389347247
7385	3.43484222485	2.64213456808
7386	3.00644118312	1.47076938181
7387	2.98801906179	1.42603106901
7388	3.26171037953	4.13153089657
7389	3.35891439905	1.3415001017
7390	3.54857992903	1.37488136768
7391	2.99956086035	2.72726736259
7392	3.37931053221	2.31106785758
7393	3.32562124364	1.69320595422
7394	2.98344105757	1.59263935721
7395	2.99022919343	4.12457983593
7396	3.30539387648	2.29047011184
7397	3.23581471521	2.3423641593
7398	2.9533583296	1.36019384959
7399	3.40399952427	2.52731412291
7400	3.53061477534	1.98254596853
7401	3.19717475306	2.90631188881
7402	3.12725977285	1.98480849229
7403	3.21655016563	1.82188678688
7404	3.43366548393	2.65687246315
7405	3.21691998643	2.93075480037
7406	3.51852133044	3.97437702214
7407	3.00062638572	3.08538675663
7408	3.37696940178	4.09225429319
7409	3.57163642414	1.38083748658
7410	3.2448048742	1.66340389555
7411	3.21962252305	1.87849567106
7412	3.40837100086	3.88832811131
7413	2.37484180087	3.62120631325
7414	3.46525582726	4.25278187399
7415	3.23384824961	1.65624098977
7416	2.76807425711	3.94852662947
7417	3.38141546253	1.37607157545
7418	3.41728790017	3.40620648997
7419	3.38309445233	1.54904929562
7420	3.38056276477	1.79134992102
7421	3.17017473546	1.79637411709
7422	3.38497280117	1.5807916644
7423	3.38222333403	2.05623100896
7424	3.38491618539	1.50256605587
7425	3.37240688173	1.37561261898
7426	3.21717170774	3.19562654554
7427	2.24218616714	2.55218997347
7428	3.42940941484	3.94348359899
7429	3.27239781755	1.3364255847
7430	2.07415385593	2.07570493317
7431	2.20422833485	2.67933265538
7432	3.38189666467	1.32191410033
7433	3.55541174804	2.27143787074
7434	2.36925259775	1.98367675671
7435	3.34855558823	1.54632892343
7436	2.22000855726	3.37243501832
7437	3.42454574179	1.94548671526
7438	3.33776516029	2.26738369198
7439	3.48390258926	4.18159635184
7440	3.24130218056	1.35288169515
7441	3.00994011251	2.6310354496
7442	3.51320566657	4.10608535969
7443	3.57122734327	2.36243322037
7444	3.40236022055	2.18970784734
7445	3.56502690073	2.72562895685
7446	3.24166801159	1.38419732444
7447	3.39140271223	1.97521893815
7448	3.21967941856	1.89048841823
7449	3.4333712987	1.50210355184
7450	3.27715362086	1.43585814084
7451	3.15656479844	1.67147086251
7686	3.25534771213	1.64333068951
7687	1.53193745207	2.44757338145
7688	1.4310963185	3.36158308067
7689	2.36990872858	1.35769956175
7690	2.87109998051	1.4932665537
7691	2.84141244518	1.60586656024
7692	3.00308069963	1.32023358625
7693	2.97910511989	4.17925801519
7694	3.2393265619	1.60061455267
7695	2.99803877668	1.92775902784
7696	3.07895612721	3.48840019233
7697	1.5633688988	4.32974062146
7698	3.43305125006	2.36349481585
7699	3.41890538738	2.50155791424
7700	3.37803107721	2.31625060094
7701	3.25227711127	2.20988349328
7702	3.08492580129	1.38614979856
7703	3.06517249489	1.4161045083
7704	1.62065677513	3.5062565892
7705	2.02494033945	4.53939227847
7706	2.99924434884	1.35565145472
7707	2.88122073119	1.92021206102
7708	2.68628394821	3.45795798137
7709	2.22128803475	1.72138608321
7710	2.99551885812	1.79230489753
7711	3.3803449852	2.63776866375
7712	1.69884108592	2.24557173587
7727	2.99672062932	1.47777524919
7728	1.43894186486	3.77379649375
7729	1.62959885137	3.91945536419
7730	1.4533243207	4.2913838029
7731	1.58278066715	4.47043616555
7732	2.80668704473	1.45054356304
7733	1.42541200054	3.36552592393
7734	1.49709033072	4.49620773136
7735	2.37589048671	2.14064520447
7736	1.39492133556	2.95980067981
7737	1.61922604293	2.1331257609
7738	1.67644969388	3.69786157955
7739	2.40546971919	2.95935866633
7740	1.49401684365	3.92614987232
7741	1.50351671277	4.17108129769
7742	1.26780018637	3.9356484181
7743	1.51050191066	4.54124936119
7744	1.641402392	4.41556310283
7745	1.5166488848	2.25963701565
7746	1.36840771384	4.44172039876
7747	1.50267848903	2.62787279946
7748	1.52323605276	4.16758054292
7749	1.49820796238	4.54310697683
7750	1.66179032583	2.57110791773
7751	1.39757269773	4.53444237184
7752	1.39359565448	4.54372630047
7753	1.77724432837	4.41920638551
7754	1.4619537942	4.54186850719
7755	1.50996082853	4.38105823308
7756	1.43807013749	4.52887805996
7757	1.36708203275	4.08937711389
7758	2.56134200521	4.53567953693
7759	1.40817814642	3.92168588965
7760	1.45476256628	2.14504729703
7761	1.34739271768	4.54001124683
7762	1.49541388323	2.69305979549
7763	1.57767915097	4.42224408274
7764	2.37553308376	2.60231562897
7765	3.42907366965	4.28602110068
7766	3.1318857998	3.79062107026
7767	2.80786395568	4.3737874588
7768	2.40620030427	2.87343541855
7769	1.58803453961	4.19623242034
7770	1.5766569901	4.48453622798
7771	1.51541028357	4.52517118326
7772	1.37371043818	2.263001287
7773	1.29288951935	4.37802770758
7774	2.98221952302	3.1236155142
7775	2.18630450625	3.83978902599
7776	2.4103098453	4.12747507498
7777	2.09832891666	1.66752955134
7778	1.62208750732	1.74825612291
7779	1.52849082902	4.52578884801
7780	1.51469302939	4.52270111637
7781	1.44109923324	4.37681591187
8392	3.46716831567	3.88168214431
8393	2.89201619858	1.4298432078
8394	1.51549217196	3.40670579861
8395	1.51742814216	4.41131530053
8396	1.36575635167	3.36059796198
8397	2.37556286734	3.95862707901
8398	2.3948221498	2.29765507541
8399	1.59776505995	2.67772219785
8400	1.53219299229	3.6607001566
8401	3.429698718	4.26463170994
8402	2.96255308249	1.33079442735
8403	2.56475838646	2.61643996013
8404	2.44281696489	2.75692067072
8405	2.63601433833	4.36168844961
8406	2.83175657221	2.5691710019
8407	2.43380110472	3.34683116948
8408	2.39909666408	3.27821102089
8409	2.32961712918	4.02645368725
8410	2.86097922983	4.24272813569
8411	3.41388124352	2.19456817967
8412	3.24336321307	4.10897112477
8413	2.02839391955	3.1847824479
8414	3.22115870176	4.43075751025
8415	3.05235051134	3.52008108463
8416	3.30755196207	2.25829296506
8417	2.29464474436	3.14451248049
8418	2.7916435022	1.65909744787
8419	3.22591872006	3.04122669837
8420	1.48060526371	2.62945365083
8421	3.40281558269	1.54581988785
8422	1.89197750544	3.60916160022
8423	2.34771699025	3.19940574791
8424	2.99383637844	4.04582624409
8425	2.99257451868	2.36881078691
8426	2.74876057017	1.40675721245
8427	2.41993055061	1.44200699453
8428	3.26654452118	1.44855138108
8429	3.45425901889	3.51649281133
8430	2.36823458891	3.1655293517
8431	2.05774935044	2.06129985461
8432	1.52738456034	3.92838328475
8433	1.83326664367	4.50051314724
8434	2.81775000767	4.20444517245
8435	1.26758362426	3.93397096068
8436	2.97822841192	1.705665387
8437	1.26823331058	4.53753572866
8438	1.53423731403	4.07386592541
8439	2.41021852217	3.63433392
8440	2.04048144992	4.40646422207
8441	2.39172681188	1.37497256685
8970	2.27204064198	3.53497769716
8971	2.99784186908	2.27617852259
8972	3.37925608732	4.27234680436
8973	3.27861694495	2.47943245447
8974	3.42115491584	3.58880954409
8975	3.38320898875	2.11324065324
8976	2.40093912712	2.72031068117
8977	1.54778094554	4.25988893337
8978	2.37472892711	3.56388449493
8979	3.21706119606	1.36680753805
8980	3.09082981066	2.79022880174
8981	2.41323218559	1.42529980827
8982	3.40554775556	2.21414273665
8983	2.16455607266	2.17362357709
8984	2.9757736296	3.13613930538
8985	3.50063686285	2.87386578322
8986	3.02061610205	3.83210917637
8987	2.55938978735	1.61078499145
8988	3.38216888914	3.97550379445
8989	3.34263420295	3.39175229678
8990	3.3776771854	2.3249181127
8991	3.01096555582	1.63301965488
8992	2.54075849374	3.4817862906
8993	3.00046128436	1.97213109039
8994	3.38865514366	1.99903512364
8995	2.97603664199	2.31659659086
8996	3.1573896431	2.36739189196
8997	3.3880667732	2.53112489345
8998	3.08543880899	1.74304039737
8999	1.82894966854	2.60114148696
9000	3.22351986534	1.64353054776
9001	2.40912264456	3.82882136498
9002	3.0875448981	2.93952934436
9003	2.01026262401	1.91324573029
9004	3.38496871451	3.61125408286
9005	3.09869237656	2.27346815758
9006	3.00519311627	1.32762435234
9007	3.25633816325	1.58750506371
9008	3.28666522747	1.59986805546
9009	3.25739874559	2.78479044348
9010	3.01355091165	1.55229883456
9011	3.38467980431	1.62929210016
9012	2.90146223255	1.33207926055
9013	3.50312453698	4.39980017687
9014	2.68872422054	2.10431006164
9015	1.60491872094	2.67530828793
9016	3.13914194651	1.65542699052
9017	3.38437390734	3.04530057529
9018	2.38171703898	1.73180992607
9019	2.08019762111	1.9416466707
9020	2.97945580308	2.90674675362
9021	2.9929951386	3.82553568524
9022	3.58718149711	3.45947502926
9023	3.38301278499	3.31310401338
9024	3.29507934101	2.65407799544
9025	3.27690714672	2.06548724333
9026	3.46621207146	1.3540264357
9027	3.3613984963	2.89675984373
9028	3.00777692435	1.35122684176
9029	3.00905624074	2.0296851495
9030	2.78378708717	1.32377543373
9031	3.602484991	1.32910644531
9032	3.56249659739	2.43364161575
9033	3.32837334	1.43484617803
9034	2.98866686181	2.57809307166
9035	3.001407537	1.90101873921
9036	3.38418335021	1.34693031368
9037	3.36166932035	1.87771788748
9038	3.33172252065	2.45051727983
9039	3.4308750931	1.43789343523
9040	2.36890328099	2.2322733395
9041	3.27386114165	3.00878365407
9042	2.98512353725	2.79987502639
9043	2.78280503529	1.53958559948
9044	2.37630745683	1.35738186302
9045	3.00176806836	4.34539235741
9046	2.66871398748	1.54362022509
9047	3.08824399753	3.85573420479
9048	3.5483268987	2.72399149851
9049	3.33487829503	1.39133707671
9050	3.36073999867	3.20224306699
9051	2.37253970047	1.49964586391
9052	3.27642458098	2.64849776423
9053	3.10067252918	2.24857693136
9054	3.37841524499	4.25811136916
9055	2.84073772846	4.11243599688
9056	2.17760513282	2.33676531864
9057	3.25995956276	3.99073840222
9058	1.70381136286	4.20268430611
9059	3.42281220826	1.96235378614
9060	2.56963893111	3.11298114657
9061	3.21777341905	1.69919598364
9062	2.22342049724	3.17913709241
9063	2.99215389876	3.10882839885
9064	2.49968623675	2.86526979603
9065	2.99317603562	1.70134653019
9066	3.38559891745	3.8249882792
9067	3.21640792686	2.7338304595
9068	3.37909275264	1.9743760873
9069	2.17706142198	2.09787416798
9070	3.00975984683	1.41575335533
9071	3.38135221573	1.98056936888
9072	3.39141856753	2.3937948085
9073	3.39416370194	1.62035601641
9074	3.39034066772	1.40048029528
9075	2.98638539701	2.5208494022
9076	3.27020283141	3.0748654253
9077	2.37478849427	4.17633642666
9078	3.10008186455	2.33921294624
9079	1.61421848023	1.77013122208
9080	2.39209530449	1.37100646079
9081	2.99263460724	3.533434359
9082	3.63891614099	2.31555879873
9083	2.7991725666	1.33679220032
9084	3.08536711899	1.65380183423
9085	2.37633724041	4.01225282925
9086	3.00086673996	2.82306909574
9087	3.3238699096	3.34486827442
9088	3.30459094762	1.51557332964
9089	3.23716866242	2.36774652688
9090	2.40145501678	3.09088858147
9091	3.55338750537	2.47756688948
9092	3.40044769954	3.47822910375
9093	3.42719340886	1.3431785549
9094	2.77003836087	1.78233127003
9095	3.3789566404	2.93601668457
9096	3.34463572757	3.52983530905
9097	2.98596477709	2.31902017827
9098	3.16068902178	2.0817473136
9099	3.21893977696	1.45416306396
9100	3.21689153867	2.33571722356
9101	2.97594897119	4.25574211251
9102	3.17099958013	3.10514109399
9103	2.98317298068	1.3199333438
9104	3.40865973934	1.42167547918
9105	3.05202996175	2.76189273175
9106	3.16316355578	1.42287766765
9107	3.40189347903	2.89069619109
9108	3.38257722584	1.69747980967
9109	3.37530433264	2.96865338405
9110	3.21672085215	3.60759285998
9111	3.02350104835	1.87099941949
9112	3.00146762556	1.43346091685
9113	3.4190372644	1.3328193263
9114	3.27911928048	1.36166825839
9115	3.43265349202	1.37163020206
9116	2.98006949866	3.65013589827
9117	3.1263923928	4.03727109008
9118	2.99145704434	1.76062484178
9119	3.05459435846	1.64253184862
9120	3.08023832557	1.36433679943
9121	3.00128735988	3.74295341496
9122	3.38045387498	1.87151480362
9123	2.99095212757	1.86971199537
9124	3.29251852384	2.75940563542
9125	1.30846186173	2.53646991989
9126	2.36875357381	3.34241598788
9127	2.99563903524	1.62403181957
9128	3.38205999935	1.96263213108
9129	2.75530758269	4.27472269278
9130	1.52102351539	2.58237122121
9131	3.43003965346	3.42271493918
9132	1.56975740423	3.1291763145
9133	1.60670713619	1.92911158551
9134	3.22491380528	1.37625557252
9135	2.99661401817	3.63696388228
9136	3.33275993642	3.01731691431
9137	2.97515993402	4.22149435491
9138	2.99792240052	2.03848047824
9139	3.38836095843	2.45235914071
9140	3.27979295535	1.81135981114
9141	3.37743218338	1.35627737821
9142	3.22406481969	1.86765519582
9143	3.38009998317	2.17843292013
9144	2.39622242172	1.35387303387
9145	3.28640272331	1.7875410276
9146	3.38448279713	1.7398809439
9147	3.57490907108	1.62170777277
9148	2.24858355461	2.91502030721
9149	3.25671114086	1.31980555665
9150	2.98223928637	1.31888473428
9151	2.98776743389	1.87745874471
9152	2.37045684773	1.52393030023
9153	3.00979295128	1.38832487617
9154	2.36948214877	3.01237400041
9155	1.61386079718	1.6290965052
9156	3.22002079161	1.98594117526
9157	3.43778407716	1.99104997269
9158	3.10441876481	1.53724781836
9159	1.51466247044	3.82444093236
9160	3.62850297635	3.6808374994
9161	3.44337359654	1.96040702951
9162	3.36352796369	2.2833112609
9163	3.38173332999	1.90738240685
9164	3.37732329359	1.36620659352
9165	2.36853400327	1.334094542
9166	2.98414248911	1.32330121853
9167	3.05587655682	3.94740554154
9168	3.11742946559	1.79589449719
9169	3.00633479891	1.56901767423
9170	3.25604983102	3.86179540277
9171	3.07735337927	1.44084472582
9172	2.38815130667	2.66487264394
9173	2.37815926744	3.51444367211
9174	2.36876355429	1.93590836439
9175	2.47541276705	2.85883844678
9176	2.98229937493	1.51844800819
9177	2.97621198359	2.71541038546
9178	3.05779985435	2.17714912599
9179	2.98133795797	1.62248150764
9180	2.98193884357	1.46949674151
9181	3.1457331363	1.70674812663
9182	2.98187701437	2.72276402648
9183	2.37275894813	1.6584843727
9184	2.99825115272	1.47020375077
9185	3.11229328445	1.7564827507
9186	3.00717603875	1.72006438558
9187	3.19944713428	2.18100335062
9188	1.71872219367	3.05482493997
9189	3.05972315188	2.66006969328
9190	2.99530431053	3.77759061784
9191	1.83067645859	4.23446143558
9192	2.39688570842	3.3409453265
9193	3.12841627959	3.45088547078
9194	3.09603409098	3.3902598776
9195	3.40673169714	2.84132740121
9196	3.42793721811	4.05210849105
9197	3.39671372995	4.10666239428
9198	3.54149507969	2.44794116151
9199	3.38238666871	1.61746916569
9200	3.32637181538	1.65502034617
9201	2.9944973526	1.41435407259
9202	3.5180590988	2.09481863462
9203	3.37212418915	3.37490536462
9204	3.38415389331	1.68872592992
9205	3.5974085188	2.75361070036
9206	3.44572707838	1.56602675407
9207	3.61708208611	1.32493770882
9208	3.56578599173	1.61958488689
9209	3.41925040764	2.38841666451
9210	3.60904520637	1.34629303005
9211	2.76578280273	1.32278642084
9212	3.38394439653	1.58641089762
9213	3.25964246202	1.35588573193
9214	3.00579400187	1.34559056231
9215	3.41443367433	1.35197549511
9216	2.14667903812	4.10320107492
9217	2.99841486617	1.94356524228
9218	3.11197273486	2.5889969994
9219	3.10152749797	2.82095314244
9220	2.39644351729	1.73404417787
9221	3.25556959048	3.66387405266
9222	3.01012037819	1.3740632397
9223	2.99710515853	1.86099676912
9224	3.37990942605	1.32014750663
9225	3.39507442623	1.49071414692
9226	3.52152583611	1.4087473544
9227	3.38372056861	1.54785748538
9228	3.22818459829	1.65319337762
9229	3.44690381931	3.45442027537
9230	3.38113355209	1.62190111767
9231	3.08493283433	1.90711657309
9232	3.3798822036	1.41215597961
9233	3.38473233344	2.84175331564
9234	3.29546668277	1.50972451672
9235	3.38012377197	1.59153524345
9236	3.38396557064	3.47518239574
9237	3.30495677864	2.00792997613
9238	3.44160848516	1.93291300626
9239	2.39754899511	2.43254538106
9240	3.24192155194	3.55198958906
9241	2.39777009068	1.54193498622
9242	2.55694951502	1.69619516612
9243	3.42382499808	2.89372656671
9244	1.57154618575	2.77144634835
9245	3.00684610909	2.19749077399
9246	2.36901306626	1.32093074976
9247	3.1354801744	1.68405744146
9248	2.70629418127	1.8597208914
9249	3.21976476182	1.33236271698
9250	3.40009584982	1.53808140791
9251	3.52037025701	3.44937144272
9252	3.47673075772	1.55178432836
9253	3.37373301104	1.31892596811
9254	3.00855807563	2.90109812967
9255	2.87312413064	1.49026549857
9256	1.87298281486	3.6962629963
9257	3.27372988149	2.37663164388
9258	3.29201374583	1.89837727712
9259	3.36097232909	1.84301803995
9260	2.15748783174	3.19751567303
9261	2.88661846488	2.74617712271
9262	3.35502984499	1.69363227394
9263	3.21973905215	2.28365156644
9264	2.99623992084	1.8162424601
9265	3.51979246746	3.19609873859
9266	3.14353607304	1.89574173626
9267	2.39003174588	1.33594007977
9268	3.27863361519	3.47924514679
9269	3.1047078915	1.36366397979
9270	3.39953697525	1.45987919737
9271	3.40226914812	1.4122711358
9272	2.99894390604	1.89442618629
9273	3.2665483359	1.62616968617
9274	3.37569693789	1.65339613727
9275	3.36956855455	1.98906093846
9276	3.42788039553	1.51287597112
9277	3.61123194483	1.48286648228
9278	3.63454933001	2.0151446929
9279	3.41483762918	1.42934812146
9280	2.99083195045	1.74666541229
9281	3.38692731832	1.91031048623
9282	2.18086739785	1.43700112875
9283	3.2514365154	2.71418664381
9284	3.24080447236	2.14756798917
9285	3.00315010524	1.38912291897
9286	2.46084868524	1.41716116465
9704	3.4252981469	3.00698990199
9705	3.39630395965	1.42725457391
9706	3.34446652917	3.03489908968
9707	3.39580300566	1.79397838609
9747	3.00068647428	1.3401232167
9748	3.64160340928	1.89075052162
9749	3.24203384261	1.32474162782
9750	3.5662920524	1.48448156482
9751	3.01837225493	1.49221349024
9752	2.80598089816	2.30074233917
9753	3.5498450807	1.51098225629
9754	3.33733354317	1.35107782164
9755	3.42742581491	2.26401172304
9756	3.56325568839	2.2082479873
9757	3.42827815357	1.54990236501
9758	3.38270996204	2.16149953486
9759	3.41130740641	1.88578068262
9760	3.29762476836	1.8748705737
9761	3.38287878663	1.57863175413
9762	3.21985010508	1.48389343311
9763	3.3826437227	1.34057633287
9764	3.30496225936	1.50784501284
9765	3.23727803931	1.34482468681
9766	2.94096540178	2.14599211249
9767	2.9972013378	1.33374391371
9768	3.14866255399	1.95486085501
9769	3.21717601621	1.8569191711
9770	2.98212611157	1.82484408762
9771	3.38444342324	1.84050980556
9772	3.0871356896	1.54615918569
9773	3.10731003165	1.82090291476
9774	3.38178129356	1.48213472234
9775	3.54098901902	1.50164158071
9776	3.42160388948	1.53111930426
9777	3.12263374591	1.5276744417
9778	3.16440082278	1.50087281308
9779	3.34251294858	1.80359683746
9780	3.17801075981	1.32415906917
9781	3.38543558277	1.33190989724
9782	3.38118888105	1.49796499649
9783	3.38566406392	1.45837201911
9784	3.37226968695	1.33993022768
9785	3.39735123695	1.49644315249
9786	3.55085720204	1.48996669572
9787	2.99425699836	1.48773322398
9788	2.98061689525	1.33151678862
9789	3.02478324671	1.81038612354
9790	3.185812847	1.80190676945
9791	3.3605630942	1.45646415439
9792	3.34007655689	1.41112580128
9793	3.22019147813	1.78067962995
9794	3.40272451026	1.76385973173
9795	3.42901684707	1.75556489135
9796	3.6372365983	1.48125856443
9797	3.61876162879	1.45121058431
9798	3.56795469633	1.32168809504
9799	3.44808056023	1.40763862617
